update,prey_seen,prey_consumed,predator_vision,predator_vision_height,predator_vision_width,attack_efficiency
0,0,0,0,0,0,0
1,0,0,8,6,3,0
2,0,0,8,6,3,0
3,0,0,8,6,3,0
4,0,0,8,6,3,0
5,2,1,8,6,3,1
6,4,2,8,6,3,1
7,6,3,8,6,3,1
8,8,3,8,6,3,1
9,9,3,8,6,3,1
10,12,4,8,6,3,1
11,15,4,8,6,3,1
12,17,5,8,6,3,1
13,18,5,8,6,3,1
14,18,5,8,6,3,1
15,19,6,8,6,3,1
16,19,6,8,6,3,1
17,19,6,8,6,3,1
18,19,6,8,6,3,1
19,19,6,8,6,3,1
20,19,6,8,6,3,1
21,20,6,8,6,3,1
22,21,6,8,6,3,1
23,24,7,8,6,3,1
24,25,7,8,6,3,1
25,26,7,8,6,3,1
26,26,7,8,6,3,1
27,26,7,8,6,3,1
28,27,7,8,6,3,1
29,29,8,8,6,3,1
30,30,9,8,6,3,1
31,31,9,8,6,3,1
32,32,9,8,6,3,1
33,32,9,8,6,3,1
34,32,9,8,6,3,1
35,32,9,8,6,3,1
36,32,9,8,6,3,1
37,36,10,8,6,3,1
38,38,10,8,6,3,1
39,38,10,8,6,3,1
40,39,10,8,6,3,1
41,39,10,8,6,3,1
42,40,10,8,6,3,1
43,41,11,8,6,3,1
44,41,11,8,6,3,1
45,41,11,8,6,3,1
46,41,11,8,6,3,1
47,41,11,8,6,3,1
48,43,11,8,6,3,1
49,43,11,8,6,3,1
50,44,12,8,6,3,1
51,45,13,8,6,3,1
52,47,14,8,6,3,1
53,47,14,8,6,3,1
54,47,14,8,6,3,1
55,48,14,8,6,3,1
56,48,14,8,6,3,1
57,48,14,8,6,3,1
58,48,14,8,6,3,1
59,49,15,8,6,3,1
60,52,16,8,6,3,1
61,52,16,8,6,3,1
62,54,17,8,6,3,1
63,54,17,8,6,3,1
64,54,17,8,6,3,1
65,54,17,8,6,3,1
66,54,17,8,6,3,1
67,54,17,8,6,3,1
68,54,17,8,6,3,1
69,54,17,8,6,3,1
70,55,17,8,6,3,1
71,55,17,8,6,3,1
72,55,17,8,6,3,1
73,55,17,8,6,3,1
74,55,17,8,6,3,1
75,57,18,8,6,3,1
76,57,18,8,6,3,1
77,58,19,8,6,3,1
78,58,19,8,6,3,1
79,61,21,8,6,3,1
80,62,22,8,6,3,1
81,63,23,8,6,3,1
82,64,24,8,6,3,1
83,64,24,8,6,3,1
84,64,24,8,6,3,1
85,65,25,8,6,3,1
86,65,25,8,6,3,1
87,65,25,8,6,3,1
88,65,25,8,6,3,1
89,65,25,8,6,3,1
90,68,25,8,6,3,1
91,69,25,8,6,3,1
92,69,25,8,6,3,1
93,69,25,8,6,3,1
94,70,25,8,6,3,1
95,71,25,8,6,3,1
96,71,25,8,6,3,1
97,71,25,8,6,3,1
98,72,26,8,6,3,1
99,72,26,8,6,3,1
100,72,26,8,6,3,1
101,73,27,8,6,3,1
102,73,27,8,6,3,1
103,73,27,8,6,3,1
104,73,27,8,6,3,1
105,73,27,8,6,3,1
106,74,28,8,6,3,1
107,74,28,8,6,3,1
108,74,28,8,6,3,1
109,74,28,8,6,3,1
110,74,28,8,6,3,1
111,74,28,8,6,3,1
112,74,28,8,6,3,1
113,74,28,8,6,3,1
114,74,28,8,6,3,1
115,75,28,8,6,3,1
116,78,28,8,6,3,1
117,78,28,8,6,3,1
118,78,28,8,6,3,1
119,79,29,8,6,3,1
120,81,29,8,6,3,1
121,82,30,8,6,3,1
122,84,32,8,6,3,1
123,84,32,8,6,3,1
124,84,32,8,6,3,1
125,84,32,8,6,3,1
126,84,32,8,6,3,1
127,87,33,8,6,3,1
128,88,34,8,6,3,1
129,89,34,8,6,3,1
130,89,34,8,6,3,1
131,90,35,8,6,3,1
132,92,37,8,6,3,1
133,93,38,8,6,3,1
134,93,38,8,6,3,1
135,93,38,8,6,3,1
136,94,39,8,6,3,1
137,96,39,8,6,3,1
138,99,40,8,6,3,1
139,99,40,8,6,3,1
140,99,40,8,6,3,1
141,99,40,8,6,3,1
142,100,41,8,6,3,1
143,100,41,8,6,3,1
144,100,41,8,6,3,1
145,100,41,8,6,3,1
146,101,41,8,6,3,1
147,101,41,8,6,3,1
148,102,41,8,6,3,1
149,102,41,8,6,3,1
150,102,41,8,6,3,1
151,103,41,8,6,3,1
152,103,41,8,6,3,1
153,103,41,8,6,3,1
154,103,41,8,6,3,1
155,103,41,8,6,3,1
156,103,41,8,6,3,1
157,103,41,8,6,3,1
158,103,41,8,6,3,1
159,103,41,8,6,3,1
160,103,41,8,6,3,1
161,103,41,8,6,3,1
162,103,41,8,6,3,1
163,103,41,8,6,3,1
164,103,41,8,6,3,1
165,103,41,8,6,3,1
166,103,41,8,6,3,1
167,103,41,8,6,3,1
168,105,41,8,6,3,1
169,105,41,8,6,3,1
170,105,41,8,6,3,1
171,105,41,8,6,3,1
172,105,41,8,6,3,1
173,105,41,8,6,3,1
174,107,42,8,6,3,1
175,107,42,8,6,3,1
176,107,42,8,6,3,1
177,107,42,8,6,3,1
178,107,42,8,6,3,1
179,107,42,8,6,3,1
180,107,42,8,6,3,1
181,107,42,8,6,3,1
182,107,42,8,6,3,1
183,107,42,8,6,3,1
184,107,42,8,6,3,1
185,108,43,8,6,3,1
186,109,44,8,6,3,1
187,109,44,8,6,3,1
188,109,44,8,6,3,1
189,109,44,8,6,3,1
190,110,44,8,6,3,1
191,112,45,8,6,3,1
192,112,45,8,6,3,1
193,112,45,8,6,3,1
194,112,45,8,6,3,1
195,112,45,8,6,3,1
196,112,45,8,6,3,1
197,112,45,8,6,3,1
198,112,45,8,6,3,1
199,112,45,8,6,3,1
200,114,46,8,6,3,1
201,114,46,8,6,3,1
202,115,46,8,6,3,1
203,116,46,8,6,3,1
204,117,46,8,6,3,1
205,117,46,8,6,3,1
206,117,46,8,6,3,1
207,117,46,8,6,3,1
208,117,46,8,6,3,1
209,117,46,8,6,3,1
210,117,46,8,6,3,1
211,117,46,8,6,3,1
212,117,46,8,6,3,1
213,118,46,8,6,3,1
214,118,46,8,6,3,1
215,118,46,8,6,3,1
216,118,46,8,6,3,1
217,118,46,8,6,3,1
218,118,46,8,6,3,1
219,118,46,8,6,3,1
220,118,46,8,6,3,1
221,118,46,8,6,3,1
222,118,46,8,6,3,1
223,118,46,8,6,3,1
224,118,46,8,6,3,1
225,118,46,8,6,3,1
226,118,46,8,6,3,1
227,119,46,8,6,3,1
228,120,47,8,6,3,1
229,120,47,8,6,3,1
230,120,47,8,6,3,1
231,122,47,8,6,3,1
232,122,47,8,6,3,1
233,123,48,8,6,3,1
234,123,48,8,6,3,1
235,123,48,8,6,3,1
236,123,48,8,6,3,1
237,123,48,8,6,3,1
238,123,48,8,6,3,1
239,123,48,8,6,3,1
240,123,48,8,6,3,1
241,123,48,8,6,3,1
242,123,48,8,6,3,1
243,124,48,8,6,3,1
244,124,48,8,6,3,1
245,124,48,8,6,3,1
246,125,48,8,6,3,1
247,125,48,8,6,3,1
248,125,48,8,6,3,1
249,125,48,8,6,3,1
250,125,48,8,6,3,1
251,125,48,8,6,3,1
252,125,48,8,6,3,1
253,125,48,8,6,3,1
254,126,49,8,6,3,1
255,126,49,8,6,3,1
256,126,49,8,6,3,1
257,126,49,8,6,3,1
258,126,49,8,6,3,1
259,126,49,8,6,3,1
260,126,49,8,6,3,1
261,126,49,8,6,3,1
262,126,49,8,6,3,1
263,126,49,8,6,3,1
264,126,49,8,6,3,1
265,126,49,8,6,3,1
266,126,49,8,6,3,1
267,126,49,8,6,3,1
268,126,49,8,6,3,1
269,126,49,8,6,3,1
270,126,49,8,6,3,1
271,126,49,8,6,3,1
272,126,49,8,6,3,1
273,126,49,8,6,3,1
274,126,49,8,6,3,1
275,126,49,8,6,3,1
276,127,49,8,6,3,1
277,127,49,8,6,3,1
278,127,49,8,6,3,1
279,127,49,8,6,3,1
280,127,49,8,6,3,1
281,127,49,8,6,3,1
282,127,49,8,6,3,1
283,128,49,8,6,3,1
284,129,49,8,6,3,1
285,129,49,8,6,3,1
286,129,49,8,6,3,1
287,129,49,8,6,3,1
288,129,49,8,6,3,1
289,129,49,8,6,3,1
290,129,49,8,6,3,1
291,130,49,8,6,3,1
292,131,49,8,6,3,1
293,132,49,8,6,3,1
294,132,49,8,6,3,1
295,132,49,8,6,3,1
296,133,50,8,6,3,1
297,133,50,8,6,3,1
298,133,50,8,6,3,1
299,133,50,8,6,3,1
300,133,50,8,6,3,1
301,133,50,8,6,3,1
302,133,50,8,6,3,1
303,133,50,8,6,3,1
304,134,50,8,6,3,1
305,134,50,8,6,3,1
306,134,50,8,6,3,1
307,135,51,8,6,3,1
308,135,51,8,6,3,1
309,135,51,8,6,3,1
310,136,51,8,6,3,1
311,136,51,8,6,3,1
312,136,51,8,6,3,1
313,136,51,8,6,3,1
314,137,51,8,6,3,1
315,137,51,8,6,3,1
316,137,51,8,6,3,1
317,137,51,8,6,3,1
318,137,51,8,6,3,1
319,137,51,8,6,3,1
320,137,51,8,6,3,1
321,137,51,8,6,3,1
322,137,51,8,6,3,1
323,138,51,8,6,3,1
324,138,51,8,6,3,1
325,139,51,8,6,3,1
326,139,51,8,6,3,1
327,139,51,8,6,3,1
328,139,51,8,6,3,1
329,140,52,8,6,3,1
330,140,52,8,6,3,1
331,142,53,8,6,3,1
332,142,53,8,6,3,1
333,142,53,8,6,3,1
334,143,53,8,6,3,1
335,143,53,8,6,3,1
336,143,53,8,6,3,1
337,143,53,8,6,3,1
338,143,53,8,6,3,1
339,143,53,8,6,3,1
340,143,53,8,6,3,1
341,143,53,8,6,3,1
342,144,54,8,6,3,1
343,144,54,8,6,3,1
344,145,54,8,6,3,1
345,145,54,8,6,3,1
346,147,55,8,6,3,1
347,147,55,8,6,3,1
348,147,55,8,6,3,1
349,147,55,8,6,3,1
350,147,55,8,6,3,1
351,147,55,8,6,3,1
352,147,55,8,6,3,1
353,147,55,8,6,3,1
354,147,55,8,6,3,1
355,147,55,8,6,3,1
356,147,55,8,6,3,1
357,147,55,8,6,3,1
358,147,55,8,6,3,1
359,149,56,8,6,3,1
360,149,56,8,6,3,1
361,149,56,8,6,3,1
362,149,56,8,6,3,1
363,150,57,8,6,3,1
364,150,57,8,6,3,1
365,150,57,8,6,3,1
366,150,57,8,6,3,1
367,150,57,8,6,3,1
368,150,57,8,6,3,1
369,150,57,8,6,3,1
370,150,57,8,6,3,1
371,152,58,8,6,3,1
372,153,58,8,6,3,1
373,153,58,8,6,3,1
374,154,59,8,6,3,1
375,154,59,8,6,3,1
376,154,59,8,6,3,1
377,155,59,8,6,3,1
378,155,59,8,6,3,1
379,155,59,8,6,3,1
380,155,59,8,6,3,1
381,155,59,8,6,3,1
382,155,59,8,6,3,1
383,155,59,8,6,3,1
384,156,59,8,6,3,1
385,157,59,8,6,3,1
386,158,59,8,6,3,1
387,158,59,8,6,3,1
388,158,59,8,6,3,1
389,158,59,8,6,3,1
390,158,59,8,6,3,1
391,158,59,8,6,3,1
392,158,59,8,6,3,1
393,158,59,8,6,3,1
394,158,59,8,6,3,1
395,158,59,8,6,3,1
396,158,59,8,6,3,1
397,158,59,8,6,3,1
398,158,59,8,6,3,1
399,158,59,8,6,3,1
400,159,60,8,6,3,1
401,159,60,8,6,3,1
402,159,60,8,6,3,1
403,159,60,8,6,3,1
404,159,60,8,6,3,1
405,159,60,8,6,3,1
406,159,60,8,6,3,1
407,159,60,8,6,3,1
408,159,60,8,6,3,1
409,159,60,8,6,3,1
410,159,60,8,6,3,1
411,159,60,8,6,3,1
412,159,60,8,6,3,1
413,159,60,8,6,3,1
414,159,60,8,6,3,1
415,159,60,8,6,3,1
416,159,60,8,6,3,1
417,159,60,8,6,3,1
418,159,60,8,6,3,1
419,159,60,8,6,3,1
420,159,60,8,6,3,1
421,159,60,8,6,3,1
422,159,60,8,6,3,1
423,159,60,8,6,3,1
424,160,61,8,6,3,1
425,161,61,8,6,3,1
426,161,61,8,6,3,1
427,161,61,8,6,3,1
428,161,61,8,6,3,1
429,161,61,8,6,3,1
430,161,61,8,6,3,1
431,161,61,8,6,3,1
432,161,61,8,6,3,1
433,161,61,8,6,3,1
434,161,61,8,6,3,1
435,161,61,8,6,3,1
436,162,62,8,6,3,1
437,163,62,8,6,3,1
438,163,62,8,6,3,1
439,163,62,8,6,3,1
440,163,62,8,6,3,1
441,163,62,8,6,3,1
442,163,62,8,6,3,1
443,163,62,8,6,3,1
444,164,62,8,6,3,1
445,164,62,8,6,3,1
446,164,62,8,6,3,1
447,164,62,8,6,3,1
448,165,63,8,6,3,1
449,165,63,8,6,3,1
450,165,63,8,6,3,1
451,165,63,8,6,3,1
452,165,63,8,6,3,1
453,165,63,8,6,3,1
454,167,64,8,6,3,1
455,167,64,8,6,3,1
456,167,64,8,6,3,1
457,167,64,8,6,3,1
458,167,64,8,6,3,1
459,167,64,8,6,3,1
460,167,64,8,6,3,1
461,168,64,8,6,3,1
462,169,64,8,6,3,1
463,169,64,8,6,3,1
464,169,64,8,6,3,1
465,169,64,8,6,3,1
466,170,64,8,6,3,1
467,171,65,8,6,3,1
468,171,65,8,6,3,1
469,171,65,8,6,3,1
470,171,65,8,6,3,1
471,171,65,8,6,3,1
472,173,65,8,6,3,1
473,173,65,8,6,3,1
474,173,65,8,6,3,1
475,173,65,8,6,3,1
476,173,65,8,6,3,1
477,173,65,8,6,3,1
478,173,65,8,6,3,1
479,173,65,8,6,3,1
480,173,65,8,6,3,1
481,173,65,8,6,3,1
482,173,65,8,6,3,1
483,173,65,8,6,3,1
484,173,65,8,6,3,1
485,173,65,8,6,3,1
486,173,65,8,6,3,1
487,173,65,8,6,3,1
488,173,65,8,6,3,1
489,173,65,8,6,3,1
490,174,66,8,6,3,1
491,174,66,8,6,3,1
492,174,66,8,6,3,1
493,174,66,8,6,3,1
494,174,66,8,6,3,1
495,174,66,8,6,3,1
496,174,66,8,6,3,1
497,174,66,8,6,3,1
498,174,66,8,6,3,1
499,174,66,8,6,3,1
500,174,66,8,6,3,1
501,174,66,8,6,3,1
502,174,66,8,6,3,1
503,174,66,8,6,3,1
504,174,66,8,6,3,1
505,174,66,8,6,3,1
506,174,66,8,6,3,1
507,174,66,8,6,3,1
508,174,66,8,6,3,1
509,174,66,8,6,3,1
510,174,66,8,6,3,1
511,174,66,8,6,3,1
512,174,66,8,6,3,1
513,174,66,8,6,3,1
514,174,66,8,6,3,1
515,174,66,8,6,3,1
516,174,66,8,6,3,1
517,174,66,8,6,3,1
518,174,66,8,6,3,1
519,174,66,8,6,3,1
520,174,66,8,6,3,1
521,174,66,8,6,3,1
522,174,66,8,6,3,1
523,174,66,8,6,3,1
524,174,66,8,6,3,1
525,174,66,8,6,3,1
526,174,66,8,6,3,1
527,175,66,8,6,3,1
528,175,66,8,6,3,1
529,175,66,8,6,3,1
530,175,66,8,6,3,1
531,175,66,8,6,3,1
532,175,66,8,6,3,1
533,175,66,8,6,3,1
534,175,66,8,6,3,1
535,175,66,8,6,3,1
536,175,66,8,6,3,1
537,175,66,8,6,3,1
538,175,66,8,6,3,1
539,176,67,8,6,3,1
540,176,67,8,6,3,1
541,176,67,8,6,3,1
542,176,67,8,6,3,1
543,176,67,8,6,3,1
544,176,67,8,6,3,1
545,176,67,8,6,3,1
546,176,67,8,6,3,1
547,176,67,8,6,3,1
548,176,67,8,6,3,1
549,176,67,8,6,3,1
550,176,67,8,6,3,1
551,176,67,8,6,3,1
552,176,67,8,6,3,1
553,178,67,8,6,3,1
554,178,67,8,6,3,1
555,178,67,8,6,3,1
556,178,67,8,6,3,1
557,178,67,8,6,3,1
558,178,67,8,6,3,1
559,178,67,8,6,3,1
560,178,67,8,6,3,1
561,178,67,8,6,3,1
562,180,67,8,6,3,1
563,180,67,8,6,3,1
564,180,67,8,6,3,1
565,180,67,8,6,3,1
566,180,67,8,6,3,1
567,180,67,8,6,3,1
568,180,67,8,6,3,1
569,180,67,8,6,3,1
570,180,67,8,6,3,1
571,180,67,8,6,3,1
572,180,67,8,6,3,1
573,180,67,8,6,3,1
574,180,67,8,6,3,1
575,180,67,8,6,3,1
576,180,67,8,6,3,1
577,180,67,8,6,3,1
578,180,67,8,6,3,1
579,180,67,8,6,3,1
580,180,67,8,6,3,1
581,180,67,8,6,3,1
582,180,67,8,6,3,1
583,181,67,8,6,3,1
584,181,67,8,6,3,1
585,181,67,8,6,3,1
586,181,67,8,6,3,1
587,181,67,8,6,3,1
588,181,67,8,6,3,1
589,182,68,8,6,3,1
590,182,68,8,6,3,1
591,183,68,8,6,3,1
592,184,69,8,6,3,1
593,184,69,8,6,3,1
594,184,69,8,6,3,1
595,184,69,8,6,3,1
596,184,69,8,6,3,1
597,184,69,8,6,3,1
598,184,69,8,6,3,1
599,184,69,8,6,3,1
600,184,69,8,6,3,1
601,184,69,8,6,3,1
602,185,70,8,6,3,1
603,185,70,8,6,3,1
604,185,70,8,6,3,1
605,185,70,8,6,3,1
606,185,70,8,6,3,1
607,185,70,8,6,3,1
608,185,70,8,6,3,1
609,185,70,8,6,3,1
610,185,70,8,6,3,1
611,185,70,8,6,3,1
612,185,70,8,6,3,1
613,185,70,8,6,3,1
614,185,70,8,6,3,1
615,185,70,8,6,3,1
616,185,70,8,6,3,1
617,185,70,8,6,3,1
618,185,70,8,6,3,1
619,185,70,8,6,3,1
620,185,70,8,6,3,1
621,185,70,8,6,3,1
622,185,70,8,6,3,1
623,185,70,8,6,3,1
624,185,70,8,6,3,1
625,185,70,8,6,3,1
626,185,70,8,6,3,1
627,185,70,8,6,3,1
628,185,70,8,6,3,1
629,185,70,8,6,3,1
630,185,70,8,6,3,1
631,185,70,8,6,3,1
632,185,70,8,6,3,1
633,185,70,8,6,3,1
634,185,70,8,6,3,1
635,185,70,8,6,3,1
636,185,70,8,6,3,1
637,185,70,8,6,3,1
638,185,70,8,6,3,1
639,185,70,8,6,3,1
640,185,70,8,6,3,1
641,185,70,8,6,3,1
642,185,70,8,6,3,1
643,185,70,8,6,3,1
644,185,70,8,6,3,1
645,187,71,8,6,3,1
646,187,71,8,6,3,1
647,187,71,8,6,3,1
648,187,71,8,6,3,1
649,187,71,8,6,3,1
650,187,71,8,6,3,1
651,187,71,8,6,3,1
652,187,71,8,6,3,1
653,187,71,8,6,3,1
654,187,71,8,6,3,1
655,187,71,8,6,3,1
656,187,71,8,6,3,1
657,187,71,8,6,3,1
658,187,71,8,6,3,1
659,187,71,8,6,3,1
660,187,71,8,6,3,1
661,187,71,8,6,3,1
662,187,71,8,6,3,1
663,187,71,8,6,3,1
664,187,71,8,6,3,1
665,187,71,8,6,3,1
666,187,71,8,6,3,1
667,187,71,8,6,3,1
668,187,71,8,6,3,1
669,187,71,8,6,3,1
670,187,71,8,6,3,1
671,187,71,8,6,3,1
672,187,71,8,6,3,1
673,187,71,8,6,3,1
674,187,71,8,6,3,1
675,187,71,8,6,3,1
676,187,71,8,6,3,1
677,187,71,8,6,3,1
678,188,71,8,6,3,1
679,188,71,8,6,3,1
680,188,71,8,6,3,1
681,188,71,8,6,3,1
682,188,71,8,6,3,1
683,188,71,8,6,3,1
684,188,71,8,6,3,1
685,188,71,8,6,3,1
686,188,71,8,6,3,1
687,189,71,8,6,3,1
688,189,71,8,6,3,1
689,190,71,8,6,3,1
690,190,71,8,6,3,1
691,190,71,8,6,3,1
692,190,71,8,6,3,1
693,190,71,8,6,3,1
694,190,71,8,6,3,1
695,190,71,8,6,3,1
696,191,72,8,6,3,1
697,191,72,8,6,3,1
698,191,72,8,6,3,1
699,191,72,8,6,3,1
700,191,72,8,6,3,1
701,191,72,8,6,3,1
702,191,72,8,6,3,1
703,191,72,8,6,3,1
704,191,72,8,6,3,1
705,191,72,8,6,3,1
706,192,72,8,6,3,1
707,192,72,8,6,3,1
708,192,72,8,6,3,1
709,192,72,8,6,3,1
710,192,72,8,6,3,1
711,192,72,8,6,3,1
712,192,72,8,6,3,1
713,193,72,8,6,3,1
714,193,72,8,6,3,1
715,193,72,8,6,3,1
716,193,72,8,6,3,1
717,193,72,8,6,3,1
718,193,72,8,6,3,1
719,193,72,8,6,3,1
720,195,72,8,6,3,1
721,195,72,8,6,3,1
722,195,72,8,6,3,1
723,195,72,8,6,3,1
724,195,72,8,6,3,1
725,195,72,8,6,3,1
726,195,72,8,6,3,1
727,195,72,8,6,3,1
728,197,72,8,6,3,1
729,197,72,8,6,3,1
730,197,72,8,6,3,1
731,197,72,8,6,3,1
732,197,72,8,6,3,1
733,197,72,8,6,3,1
734,197,72,8,6,3,1
735,197,72,8,6,3,1
736,197,72,8,6,3,1
737,197,72,8,6,3,1
738,198,73,8,6,3,1
739,198,73,8,6,3,1
740,198,73,8,6,3,1
741,198,73,8,6,3,1
742,198,73,8,6,3,1
743,198,73,8,6,3,1
744,198,73,8,6,3,1
745,198,73,8,6,3,1
746,198,73,8,6,3,1
747,198,73,8,6,3,1
748,198,73,8,6,3,1
749,198,73,8,6,3,1
750,198,73,8,6,3,1
751,198,73,8,6,3,1
752,198,73,8,6,3,1
753,198,73,8,6,3,1
754,198,73,8,6,3,1
755,198,73,8,6,3,1
756,198,73,8,6,3,1
757,198,73,8,6,3,1
758,198,73,8,6,3,1
759,198,73,8,6,3,1
760,198,73,8,6,3,1
761,198,73,8,6,3,1
762,198,73,8,6,3,1
763,199,73,8,6,3,1
764,200,73,8,6,3,1
765,201,73,8,6,3,1
766,201,73,8,6,3,1
767,201,73,8,6,3,1
768,201,73,8,6,3,1
769,201,73,8,6,3,1
770,201,73,8,6,3,1
771,201,73,8,6,3,1
772,201,73,8,6,3,1
773,201,73,8,6,3,1
774,201,73,8,6,3,1
775,202,73,8,6,3,1
776,203,73,8,6,3,1
777,204,73,8,6,3,1
778,204,73,8,6,3,1
779,204,73,8,6,3,1
780,204,73,8,6,3,1
781,204,73,8,6,3,1
782,204,73,8,6,3,1
783,204,73,8,6,3,1
784,204,73,8,6,3,1
785,204,73,8,6,3,1
786,204,73,8,6,3,1
787,204,73,8,6,3,1
788,204,73,8,6,3,1
789,204,73,8,6,3,1
790,204,73,8,6,3,1
791,204,73,8,6,3,1
792,204,73,8,6,3,1
793,204,73,8,6,3,1
794,204,73,8,6,3,1
795,204,73,8,6,3,1
796,204,73,8,6,3,1
797,204,73,8,6,3,1
798,206,73,8,6,3,1
799,206,73,8,6,3,1
800,206,73,8,6,3,1
801,206,73,8,6,3,1
802,206,73,8,6,3,1
803,206,73,8,6,3,1
804,206,73,8,6,3,1
805,206,73,8,6,3,1
806,207,74,8,6,3,1
807,207,74,8,6,3,1
808,207,74,8,6,3,1
809,207,74,8,6,3,1
810,207,74,8,6,3,1
811,207,74,8,6,3,1
812,207,74,8,6,3,1
813,207,74,8,6,3,1
814,207,74,8,6,3,1
815,207,74,8,6,3,1
816,207,74,8,6,3,1
817,207,74,8,6,3,1
818,207,74,8,6,3,1
819,207,74,8,6,3,1
820,207,74,8,6,3,1
821,207,74,8,6,3,1
822,207,74,8,6,3,1
823,207,74,8,6,3,1
824,208,74,8,6,3,1
825,208,74,8,6,3,1
826,208,74,8,6,3,1
827,208,74,8,6,3,1
828,208,74,8,6,3,1
829,208,74,8,6,3,1
830,208,74,8,6,3,1
831,208,74,8,6,3,1
832,208,74,8,6,3,1
833,208,74,8,6,3,1
834,208,74,8,6,3,1
835,208,74,8,6,3,1
836,208,74,8,6,3,1
837,208,74,8,6,3,1
838,208,74,8,6,3,1
839,208,74,8,6,3,1
840,209,75,8,6,3,1
841,209,75,8,6,3,1
842,209,75,8,6,3,1
843,209,75,8,6,3,1
844,209,75,8,6,3,1
845,209,75,8,6,3,1
846,209,75,8,6,3,1
847,209,75,8,6,3,1
848,209,75,8,6,3,1
849,209,75,8,6,3,1
850,209,75,8,6,3,1
851,209,75,8,6,3,1
852,209,75,8,6,3,1
853,209,75,8,6,3,1
854,209,75,8,6,3,1
855,209,75,8,6,3,1
856,209,75,8,6,3,1
857,209,75,8,6,3,1
858,209,75,8,6,3,1
859,209,75,8,6,3,1
860,209,75,8,6,3,1
861,209,75,8,6,3,1
862,209,75,8,6,3,1
863,209,75,8,6,3,1
864,209,75,8,6,3,1
865,209,75,8,6,3,1
866,209,75,8,6,3,1
867,209,75,8,6,3,1
868,209,75,8,6,3,1
869,209,75,8,6,3,1
870,209,75,8,6,3,1
871,209,75,8,6,3,1
872,209,75,8,6,3,1
873,209,75,8,6,3,1
874,209,75,8,6,3,1
875,209,75,8,6,3,1
876,209,75,8,6,3,1
877,209,75,8,6,3,1
878,209,75,8,6,3,1
879,209,75,8,6,3,1
880,209,75,8,6,3,1
881,209,75,8,6,3,1
882,209,75,8,6,3,1
883,209,75,8,6,3,1
884,209,75,8,6,3,1
885,209,75,8,6,3,1
886,209,75,8,6,3,1
887,209,75,8,6,3,1
888,209,75,8,6,3,1
889,209,75,8,6,3,1
890,209,75,8,6,3,1
891,209,75,8,6,3,1
892,209,75,8,6,3,1
893,209,75,8,6,3,1
894,209,75,8,6,3,1
895,209,75,8,6,3,1
896,209,75,8,6,3,1
897,209,75,8,6,3,1
898,209,75,8,6,3,1
899,209,75,8,6,3,1
900,209,75,8,6,3,1
901,209,75,8,6,3,1
902,209,75,8,6,3,1
903,209,75,8,6,3,1
904,209,75,8,6,3,1
905,209,75,8,6,3,1
906,209,75,8,6,3,1
907,209,75,8,6,3,1
908,209,75,8,6,3,1
909,209,75,8,6,3,1
910,209,75,8,6,3,1
911,209,75,8,6,3,1
912,209,75,8,6,3,1
913,209,75,8,6,3,1
914,210,76,8,6,3,1
915,210,76,8,6,3,1
916,210,76,8,6,3,1
917,210,76,8,6,3,1
918,210,76,8,6,3,1
919,210,76,8,6,3,1
920,210,76,8,6,3,1
921,210,76,8,6,3,1
922,210,76,8,6,3,1
923,210,76,8,6,3,1
924,210,76,8,6,3,1
925,210,76,8,6,3,1
926,210,76,8,6,3,1
927,210,76,8,6,3,1
928,210,76,8,6,3,1
929,210,76,8,6,3,1
930,210,76,8,6,3,1
931,210,76,8,6,3,1
932,210,76,8,6,3,1
933,210,76,8,6,3,1
934,210,76,8,6,3,1
935,210,76,8,6,3,1
936,210,76,8,6,3,1
937,210,76,8,6,3,1
938,210,76,8,6,3,1
939,210,76,8,6,3,1
940,211,76,8,6,3,1
941,211,76,8,6,3,1
942,211,76,8,6,3,1
943,211,76,8,6,3,1
944,211,76,8,6,3,1
945,211,76,8,6,3,1
946,211,76,8,6,3,1
947,212,76,8,6,3,1
948,212,76,8,6,3,1
949,213,77,8,6,3,1
950,213,77,8,6,3,1
951,213,77,8,6,3,1
952,213,77,8,6,3,1
953,213,77,8,6,3,1
954,213,77,8,6,3,1
955,213,77,8,6,3,1
956,213,77,8,6,3,1
957,213,77,8,6,3,1
958,213,77,8,6,3,1
959,213,77,8,6,3,1
960,213,77,8,6,3,1
961,213,77,8,6,3,1
962,213,77,8,6,3,1
963,214,77,8,6,3,1
964,217,78,8,6,3,1
965,217,78,8,6,3,1
966,217,78,8,6,3,1
967,217,78,8,6,3,1
968,217,78,8,6,3,1
969,217,78,8,6,3,1
970,217,78,8,6,3,1
971,217,78,8,6,3,1
972,217,78,8,6,3,1
973,217,78,8,6,3,1
974,217,78,8,6,3,1
975,217,78,8,6,3,1
976,217,78,8,6,3,1
977,217,78,8,6,3,1
978,217,78,8,6,3,1
979,217,78,8,6,3,1
980,217,78,8,6,3,1
981,217,78,8,6,3,1
982,217,78,8,6,3,1
983,217,78,8,6,3,1
984,217,78,8,6,3,1
985,217,78,8,6,3,1
986,217,78,8,6,3,1
987,217,78,8,6,3,1
988,217,78,8,6,3,1
989,217,78,8,6,3,1
990,218,79,8,6,3,1
991,218,79,8,6,3,1
992,218,79,8,6,3,1
993,218,79,8,6,3,1
994,218,79,8,6,3,1
995,218,79,8,6,3,1
996,218,79,8,6,3,1
997,218,79,8,6,3,1
998,218,79,8,6,3,1
999,218,79,8,6,3,1
1000,218,79,8,6,3,1
1001,218,79,8,6,3,1
1002,218,79,8,6,3,1
1003,218,79,8,6,3,1
1004,218,79,8,6,3,1
1005,218,79,8,6,3,1
1006,218,79,8,6,3,1
1007,218,79,8,6,3,1
1008,218,79,8,6,3,1
1009,218,79,8,6,3,1
1010,218,79,8,6,3,1
1011,218,79,8,6,3,1
1012,218,79,8,6,3,1
1013,218,79,8,6,3,1
1014,218,79,8,6,3,1
1015,218,79,8,6,3,1
1016,218,79,8,6,3,1
1017,218,79,8,6,3,1
1018,218,79,8,6,3,1
1019,218,79,8,6,3,1
1020,218,79,8,6,3,1
1021,218,79,8,6,3,1
1022,218,79,8,6,3,1
1023,218,79,8,6,3,1
1024,218,79,8,6,3,1
1025,218,79,8,6,3,1
1026,218,79,8,6,3,1
1027,218,79,8,6,3,1
1028,218,79,8,6,3,1
1029,218,79,8,6,3,1
1030,218,79,8,6,3,1
1031,218,79,8,6,3,1
1032,218,79,8,6,3,1
1033,218,79,8,6,3,1
1034,218,79,8,6,3,1
1035,219,79,8,6,3,1
1036,219,79,8,6,3,1
1037,219,79,8,6,3,1
1038,219,79,8,6,3,1
1039,219,79,8,6,3,1
1040,219,79,8,6,3,1
1041,219,79,8,6,3,1
1042,219,79,8,6,3,1
1043,219,79,8,6,3,1
1044,219,79,8,6,3,1
1045,219,79,8,6,3,1
1046,219,79,8,6,3,1
1047,219,79,8,6,3,1
1048,219,79,8,6,3,1
1049,219,79,8,6,3,1
1050,219,79,8,6,3,1
1051,219,79,8,6,3,1
1052,219,79,8,6,3,1
1053,219,79,8,6,3,1
1054,219,79,8,6,3,1
1055,219,79,8,6,3,1
1056,219,79,8,6,3,1
1057,219,79,8,6,3,1
1058,219,79,8,6,3,1
1059,219,79,8,6,3,1
1060,219,79,8,6,3,1
1061,219,79,8,6,3,1
1062,219,79,8,6,3,1
1063,219,79,8,6,3,1
1064,219,79,8,6,3,1
1065,219,79,8,6,3,1
1066,219,79,8,6,3,1
1067,219,79,8,6,3,1
1068,219,79,8,6,3,1
1069,219,79,8,6,3,1
1070,219,79,8,6,3,1
1071,219,79,8,6,3,1
1072,219,79,8,6,3,1
1073,219,79,8,6,3,1
1074,219,79,8,6,3,1
1075,219,79,8,6,3,1
1076,219,79,8,6,3,1
1077,219,79,8,6,3,1
1078,219,79,8,6,3,1
1079,219,79,8,6,3,1
1080,219,79,8,6,3,1
1081,219,79,8,6,3,1
1082,219,79,8,6,3,1
1083,219,79,8,6,3,1
1084,219,79,8,6,3,1
1085,219,79,8,6,3,1
1086,219,79,8,6,3,1
1087,219,79,8,6,3,1
1088,219,79,8,6,3,1
1089,219,79,8,6,3,1
1090,219,79,8,6,3,1
1091,219,79,8,6,3,1
1092,219,79,8,6,3,1
1093,219,79,8,6,3,1
1094,219,79,8,6,3,1
1095,219,79,8,6,3,1
1096,219,79,8,6,3,1
1097,219,79,8,6,3,1
1098,219,79,8,6,3,1
1099,219,79,8,6,3,1
1100,219,79,8,6,3,1
1101,219,79,8,6,3,1
1102,219,79,8,6,3,1
1103,219,79,8,6,3,1
1104,219,79,8,6,3,1
1105,219,79,8,6,3,1
1106,219,79,8,6,3,1
1107,219,79,8,6,3,1
1108,219,79,8,6,3,1
1109,219,79,8,6,3,1
1110,219,79,8,6,3,1
1111,219,79,8,6,3,1
1112,219,79,8,6,3,1
1113,219,79,8,6,3,1
1114,219,79,8,6,3,1
1115,219,79,8,6,3,1
1116,219,79,8,6,3,1
1117,219,79,8,6,3,1
1118,219,79,8,6,3,1
1119,219,79,8,6,3,1
1120,219,79,8,6,3,1
1121,219,79,8,6,3,1
1122,219,79,8,6,3,1
1123,219,79,8,6,3,1
1124,219,79,8,6,3,1
1125,219,79,8,6,3,1
1126,219,79,8,6,3,1
1127,219,79,8,6,3,1
1128,219,79,8,6,3,1
1129,219,79,8,6,3,1
1130,219,79,8,6,3,1
1131,219,79,8,6,3,1
1132,219,79,8,6,3,1
1133,219,79,8,6,3,1
1134,219,79,8,6,3,1
1135,219,79,8,6,3,1
1136,219,79,8,6,3,1
1137,219,79,8,6,3,1
1138,219,79,8,6,3,1
1139,219,79,8,6,3,1
1140,219,79,8,6,3,1
1141,219,79,8,6,3,1
1142,219,79,8,6,3,1
1143,219,79,8,6,3,1
1144,219,79,8,6,3,1
1145,219,79,8,6,3,1
1146,219,79,8,6,3,1
1147,219,79,8,6,3,1
1148,219,79,8,6,3,1
1149,219,79,8,6,3,1
1150,219,79,8,6,3,1
1151,219,79,8,6,3,1
1152,220,79,8,6,3,1
1153,220,79,8,6,3,1
1154,220,79,8,6,3,1
1155,220,79,8,6,3,1
1156,220,79,8,6,3,1
1157,220,79,8,6,3,1
1158,220,79,8,6,3,1
1159,220,79,8,6,3,1
1160,220,79,8,6,3,1
1161,220,79,8,6,3,1
1162,220,79,8,6,3,1
1163,220,79,8,6,3,1
1164,220,79,8,6,3,1
1165,220,79,8,6,3,1
1166,220,79,8,6,3,1
1167,220,79,8,6,3,1
1168,220,79,8,6,3,1
1169,220,79,8,6,3,1
1170,220,79,8,6,3,1
1171,220,79,8,6,3,1
1172,220,79,8,6,3,1
1173,220,79,8,6,3,1
1174,220,79,8,6,3,1
1175,220,79,8,6,3,1
1176,220,79,8,6,3,1
1177,220,79,8,6,3,1
1178,220,79,8,6,3,1
1179,220,79,8,6,3,1
1180,220,79,8,6,3,1
1181,220,79,8,6,3,1
1182,220,79,8,6,3,1
1183,220,79,8,6,3,1
1184,220,79,8,6,3,1
1185,220,79,8,6,3,1
1186,220,79,8,6,3,1
1187,220,79,8,6,3,1
1188,220,79,8,6,3,1
1189,220,79,8,6,3,1
1190,220,79,8,6,3,1
1191,220,79,8,6,3,1
1192,220,79,8,6,3,1
1193,220,79,8,6,3,1
1194,220,79,8,6,3,1
1195,220,79,8,6,3,1
1196,220,79,8,6,3,1
1197,220,79,8,6,3,1
1198,220,79,8,6,3,1
1199,220,79,8,6,3,1
1200,220,79,8,6,3,1
1201,220,79,8,6,3,1
1202,220,79,8,6,3,1
1203,220,79,8,6,3,1
1204,220,79,8,6,3,1
1205,220,79,8,6,3,1
1206,220,79,8,6,3,1
1207,220,79,8,6,3,1
1208,220,79,8,6,3,1
1209,220,79,8,6,3,1
1210,220,79,8,6,3,1
1211,220,79,8,6,3,1
1212,220,79,8,6,3,1
1213,220,79,8,6,3,1
1214,220,79,8,6,3,1
1215,220,79,8,6,3,1
1216,220,79,8,6,3,1
1217,220,79,8,6,3,1
1218,220,79,8,6,3,1
1219,220,79,8,6,3,1
1220,220,79,8,6,3,1
1221,220,79,8,6,3,1
1222,220,79,8,6,3,1
1223,220,79,8,6,3,1
1224,220,79,8,6,3,1
1225,220,79,8,6,3,1
1226,220,79,8,6,3,1
1227,220,79,8,6,3,1
1228,220,79,8,6,3,1
1229,220,79,8,6,3,1
1230,220,79,8,6,3,1
1231,220,79,8,6,3,1
1232,220,79,8,6,3,1
1233,220,79,8,6,3,1
1234,220,79,8,6,3,1
1235,220,79,8,6,3,1
1236,220,79,8,6,3,1
1237,220,79,8,6,3,1
1238,220,79,8,6,3,1
1239,220,79,8,6,3,1
1240,220,79,8,6,3,1
1241,220,79,8,6,3,1
1242,220,79,8,6,3,1
1243,220,79,8,6,3,1
1244,220,79,8,6,3,1
1245,220,79,8,6,3,1
1246,220,79,8,6,3,1
1247,220,79,8,6,3,1
1248,220,79,8,6,3,1
1249,220,79,8,6,3,1
1250,220,79,8,6,3,1
1251,220,79,8,6,3,1
1252,220,79,8,6,3,1
1253,220,79,8,6,3,1
1254,220,79,8,6,3,1
1255,220,79,8,6,3,1
1256,220,79,8,6,3,1
1257,220,79,8,6,3,1
1258,220,79,8,6,3,1
1259,220,79,8,6,3,1
1260,220,79,8,6,3,1
1261,220,79,8,6,3,1
1262,220,79,8,6,3,1
1263,220,79,8,6,3,1
1264,220,79,8,6,3,1
1265,220,79,8,6,3,1
1266,220,79,8,6,3,1
1267,220,79,8,6,3,1
1268,220,79,8,6,3,1
1269,220,79,8,6,3,1
1270,220,79,8,6,3,1
1271,220,79,8,6,3,1
1272,220,79,8,6,3,1
1273,220,79,8,6,3,1
1274,220,79,8,6,3,1
1275,220,79,8,6,3,1
1276,220,79,8,6,3,1
1277,220,79,8,6,3,1
1278,220,79,8,6,3,1
1279,220,79,8,6,3,1
1280,220,79,8,6,3,1
1281,220,79,8,6,3,1
1282,220,79,8,6,3,1
1283,220,79,8,6,3,1
1284,220,79,8,6,3,1
1285,220,79,8,6,3,1
1286,220,79,8,6,3,1
1287,220,79,8,6,3,1
1288,220,79,8,6,3,1
1289,220,79,8,6,3,1
1290,220,79,8,6,3,1
1291,220,79,8,6,3,1
1292,220,79,8,6,3,1
1293,220,79,8,6,3,1
1294,220,79,8,6,3,1
1295,220,79,8,6,3,1
1296,220,79,8,6,3,1
1297,220,79,8,6,3,1
1298,220,79,8,6,3,1
1299,220,79,8,6,3,1
1300,220,79,8,6,3,1
1301,220,79,8,6,3,1
1302,220,79,8,6,3,1
1303,220,79,8,6,3,1
1304,220,79,8,6,3,1
1305,220,79,8,6,3,1
1306,220,79,8,6,3,1
1307,220,79,8,6,3,1
1308,220,79,8,6,3,1
1309,220,79,8,6,3,1
1310,220,79,8,6,3,1
1311,220,79,8,6,3,1
1312,220,79,8,6,3,1
1313,220,79,8,6,3,1
1314,220,79,8,6,3,1
1315,220,79,8,6,3,1
1316,220,79,8,6,3,1
1317,220,79,8,6,3,1
1318,220,79,8,6,3,1
1319,220,79,8,6,3,1
1320,220,79,8,6,3,1
1321,220,79,8,6,3,1
1322,220,79,8,6,3,1
1323,221,80,8,6,3,1
1324,221,80,8,6,3,1
1325,221,80,8,6,3,1
1326,221,80,8,6,3,1
1327,221,80,8,6,3,1
1328,221,80,8,6,3,1
1329,221,80,8,6,3,1
1330,221,80,8,6,3,1
1331,221,80,8,6,3,1
1332,221,80,8,6,3,1
1333,221,80,8,6,3,1
1334,221,80,8,6,3,1
1335,221,80,8,6,3,1
1336,221,80,8,6,3,1
1337,221,80,8,6,3,1
1338,221,80,8,6,3,1
1339,221,80,8,6,3,1
1340,221,80,8,6,3,1
1341,221,80,8,6,3,1
1342,221,80,8,6,3,1
1343,222,80,8,6,3,1
1344,223,80,8,6,3,1
1345,223,80,8,6,3,1
1346,223,80,8,6,3,1
1347,223,80,8,6,3,1
1348,223,80,8,6,3,1
1349,223,80,8,6,3,1
1350,223,80,8,6,3,1
1351,223,80,8,6,3,1
1352,223,80,8,6,3,1
1353,223,80,8,6,3,1
1354,223,80,8,6,3,1
1355,223,80,8,6,3,1
1356,223,80,8,6,3,1
1357,223,80,8,6,3,1
1358,223,80,8,6,3,1
1359,223,80,8,6,3,1
1360,223,80,8,6,3,1
1361,223,80,8,6,3,1
1362,223,80,8,6,3,1
1363,223,80,8,6,3,1
1364,223,80,8,6,3,1
1365,223,80,8,6,3,1
1366,223,80,8,6,3,1
1367,223,80,8,6,3,1
1368,223,80,8,6,3,1
1369,223,80,8,6,3,1
1370,223,80,8,6,3,1
1371,223,80,8,6,3,1
1372,223,80,8,6,3,1
1373,223,80,8,6,3,1
1374,223,80,8,6,3,1
1375,223,80,8,6,3,1
1376,223,80,8,6,3,1
1377,223,80,8,6,3,1
1378,223,80,8,6,3,1
1379,223,80,8,6,3,1
1380,223,80,8,6,3,1
1381,223,80,8,6,3,1
1382,223,80,8,6,3,1
1383,223,80,8,6,3,1
1384,223,80,8,6,3,1
1385,223,80,8,6,3,1
1386,223,80,8,6,3,1
1387,223,80,8,6,3,1
1388,223,80,8,6,3,1
1389,223,80,8,6,3,1
1390,223,80,8,6,3,1
1391,223,80,8,6,3,1
1392,223,80,8,6,3,1
1393,223,80,8,6,3,1
1394,223,80,8,6,3,1
1395,223,80,8,6,3,1
1396,224,80,8,6,3,1
1397,224,80,8,6,3,1
1398,224,80,8,6,3,1
1399,224,80,8,6,3,1
1400,224,80,8,6,3,1
1401,224,80,8,6,3,1
1402,224,80,8,6,3,1
1403,224,80,8,6,3,1
1404,224,80,8,6,3,1
1405,224,80,8,6,3,1
1406,224,80,8,6,3,1
1407,224,80,8,6,3,1
1408,224,80,8,6,3,1
1409,224,80,8,6,3,1
1410,224,80,8,6,3,1
1411,224,80,8,6,3,1
1412,224,80,8,6,3,1
1413,224,80,8,6,3,1
1414,224,80,8,6,3,1
1415,224,80,8,6,3,1
1416,224,80,8,6,3,1
1417,224,80,8,6,3,1
1418,224,80,8,6,3,1
1419,224,80,8,6,3,1
1420,224,80,8,6,3,1
1421,224,80,8,6,3,1
1422,224,80,8,6,3,1
1423,224,80,8,6,3,1
1424,224,80,8,6,3,1
1425,224,80,8,6,3,1
1426,224,80,8,6,3,1
1427,224,80,8,6,3,1
1428,224,80,8,6,3,1
1429,224,80,8,6,3,1
1430,224,80,8,6,3,1
1431,224,80,8,6,3,1
1432,224,80,8,6,3,1
1433,224,80,8,6,3,1
1434,224,80,8,6,3,1
1435,224,80,8,6,3,1
1436,224,80,8,6,3,1
1437,224,80,8,6,3,1
1438,224,80,8,6,3,1
1439,224,80,8,6,3,1
1440,224,80,8,6,3,1
1441,225,81,8,6,3,1
1442,225,81,8,6,3,1
1443,225,81,8,6,3,1
1444,225,81,8,6,3,1
1445,225,81,8,6,3,1
1446,225,81,8,6,3,1
1447,225,81,8,6,3,1
1448,225,81,8,6,3,1
1449,225,81,8,6,3,1
1450,225,81,8,6,3,1
1451,225,81,8,6,3,1
1452,225,81,8,6,3,1
1453,225,81,8,6,3,1
1454,225,81,8,6,3,1
1455,225,81,8,6,3,1
1456,225,81,8,6,3,1
1457,225,81,8,6,3,1
1458,225,81,8,6,3,1
1459,225,81,8,6,3,1
1460,225,81,8,6,3,1
1461,225,81,8,6,3,1
1462,225,81,8,6,3,1
1463,225,81,8,6,3,1
1464,225,81,8,6,3,1
1465,225,81,8,6,3,1
1466,225,81,8,6,3,1
1467,225,81,8,6,3,1
1468,225,81,8,6,3,1
1469,225,81,8,6,3,1
1470,225,81,8,6,3,1
1471,225,81,8,6,3,1
1472,225,81,8,6,3,1
1473,225,81,8,6,3,1
1474,225,81,8,6,3,1
1475,225,81,8,6,3,1
1476,225,81,8,6,3,1
1477,225,81,8,6,3,1
1478,225,81,8,6,3,1
1479,225,81,8,6,3,1
1480,225,81,8,6,3,1
1481,225,81,8,6,3,1
1482,225,81,8,6,3,1
1483,225,81,8,6,3,1
1484,225,81,8,6,3,1
1485,225,81,8,6,3,1
1486,225,81,8,6,3,1
1487,225,81,8,6,3,1
1488,225,81,8,6,3,1
1489,225,81,8,6,3,1
1490,225,81,8,6,3,1
1491,225,81,8,6,3,1
1492,225,81,8,6,3,1
1493,225,81,8,6,3,1
1494,225,81,8,6,3,1
1495,225,81,8,6,3,1
1496,225,81,8,6,3,1
1497,225,81,8,6,3,1
1498,225,81,8,6,3,1
1499,225,81,8,6,3,1
1500,225,81,8,6,3,1
1501,225,81,8,6,3,1
1502,225,81,8,6,3,1
1503,225,81,8,6,3,1
1504,225,81,8,6,3,1
1505,225,81,8,6,3,1
1506,225,81,8,6,3,1
1507,225,81,8,6,3,1
1508,225,81,8,6,3,1
1509,225,81,8,6,3,1
1510,225,81,8,6,3,1
1511,225,81,8,6,3,1
1512,225,81,8,6,3,1
1513,225,81,8,6,3,1
1514,225,81,8,6,3,1
1515,225,81,8,6,3,1
1516,225,81,8,6,3,1
1517,225,81,8,6,3,1
1518,225,81,8,6,3,1
1519,225,81,8,6,3,1
1520,225,81,8,6,3,1
1521,225,81,8,6,3,1
1522,225,81,8,6,3,1
1523,225,81,8,6,3,1
1524,225,81,8,6,3,1
1525,225,81,8,6,3,1
1526,225,81,8,6,3,1
1527,225,81,8,6,3,1
1528,225,81,8,6,3,1
1529,225,81,8,6,3,1
1530,225,81,8,6,3,1
1531,225,81,8,6,3,1
1532,225,81,8,6,3,1
1533,225,81,8,6,3,1
1534,225,81,8,6,3,1
1535,225,81,8,6,3,1
1536,225,81,8,6,3,1
1537,225,81,8,6,3,1
1538,225,81,8,6,3,1
1539,225,81,8,6,3,1
1540,225,81,8,6,3,1
1541,225,81,8,6,3,1
1542,225,81,8,6,3,1
1543,225,81,8,6,3,1
1544,225,81,8,6,3,1
1545,225,81,8,6,3,1
1546,225,81,8,6,3,1
1547,225,81,8,6,3,1
1548,225,81,8,6,3,1
1549,225,81,8,6,3,1
1550,225,81,8,6,3,1
1551,225,81,8,6,3,1
1552,225,81,8,6,3,1
1553,225,81,8,6,3,1
1554,225,81,8,6,3,1
1555,225,81,8,6,3,1
1556,225,81,8,6,3,1
1557,225,81,8,6,3,1
1558,225,81,8,6,3,1
1559,225,81,8,6,3,1
1560,225,81,8,6,3,1
1561,225,81,8,6,3,1
1562,225,81,8,6,3,1
1563,225,81,8,6,3,1
1564,225,81,8,6,3,1
1565,225,81,8,6,3,1
1566,225,81,8,6,3,1
1567,225,81,8,6,3,1
1568,225,81,8,6,3,1
1569,225,81,8,6,3,1
1570,225,81,8,6,3,1
1571,225,81,8,6,3,1
1572,225,81,8,6,3,1
1573,225,81,8,6,3,1
1574,225,81,8,6,3,1
1575,225,81,8,6,3,1
1576,225,81,8,6,3,1
1577,225,81,8,6,3,1
1578,225,81,8,6,3,1
1579,225,81,8,6,3,1
1580,225,81,8,6,3,1
1581,225,81,8,6,3,1
1582,225,81,8,6,3,1
1583,225,81,8,6,3,1
1584,225,81,8,6,3,1
1585,225,81,8,6,3,1
1586,225,81,8,6,3,1
1587,225,81,8,6,3,1
1588,225,81,8,6,3,1
1589,225,81,8,6,3,1
1590,225,81,8,6,3,1
1591,225,81,8,6,3,1
1592,225,81,8,6,3,1
1593,225,81,8,6,3,1
1594,225,81,8,6,3,1
1595,225,81,8,6,3,1
1596,225,81,8,6,3,1
1597,225,81,8,6,3,1
1598,225,81,8,6,3,1
1599,225,81,8,6,3,1
1600,225,81,8,6,3,1
1601,225,81,8,6,3,1
1602,225,81,8,6,3,1
1603,225,81,8,6,3,1
1604,225,81,8,6,3,1
1605,225,81,8,6,3,1
1606,225,81,8,6,3,1
1607,225,81,8,6,3,1
1608,225,81,8,6,3,1
1609,225,81,8,6,3,1
1610,225,81,8,6,3,1
1611,225,81,8,6,3,1
1612,225,81,8,6,3,1
1613,225,81,8,6,3,1
1614,225,81,8,6,3,1
1615,225,81,8,6,3,1
1616,225,81,8,6,3,1
1617,225,81,8,6,3,1
1618,225,81,8,6,3,1
1619,225,81,8,6,3,1
1620,225,81,8,6,3,1
1621,225,81,8,6,3,1
1622,225,81,8,6,3,1
1623,225,81,8,6,3,1
1624,225,81,8,6,3,1
1625,225,81,8,6,3,1
1626,225,81,8,6,3,1
1627,225,81,8,6,3,1
1628,225,81,8,6,3,1
1629,225,81,8,6,3,1
1630,225,81,8,6,3,1
1631,225,81,8,6,3,1
1632,225,81,8,6,3,1
1633,225,81,8,6,3,1
1634,225,81,8,6,3,1
1635,225,81,8,6,3,1
1636,225,81,8,6,3,1
1637,225,81,8,6,3,1
1638,225,81,8,6,3,1
1639,225,81,8,6,3,1
1640,225,81,8,6,3,1
1641,225,81,8,6,3,1
1642,225,81,8,6,3,1
1643,225,81,8,6,3,1
1644,225,81,8,6,3,1
1645,225,81,8,6,3,1
1646,225,81,8,6,3,1
1647,225,81,8,6,3,1
1648,225,81,8,6,3,1
1649,225,81,8,6,3,1
1650,225,81,8,6,3,1
1651,225,81,8,6,3,1
1652,225,81,8,6,3,1
1653,225,81,8,6,3,1
1654,225,81,8,6,3,1
1655,225,81,8,6,3,1
1656,225,81,8,6,3,1
1657,225,81,8,6,3,1
1658,225,81,8,6,3,1
1659,225,81,8,6,3,1
1660,225,81,8,6,3,1
1661,225,81,8,6,3,1
1662,225,81,8,6,3,1
1663,225,81,8,6,3,1
1664,225,81,8,6,3,1
1665,225,81,8,6,3,1
1666,225,81,8,6,3,1
1667,225,81,8,6,3,1
1668,225,81,8,6,3,1
1669,225,81,8,6,3,1
1670,225,81,8,6,3,1
1671,225,81,8,6,3,1
1672,225,81,8,6,3,1
1673,225,81,8,6,3,1
1674,225,81,8,6,3,1
1675,225,81,8,6,3,1
1676,225,81,8,6,3,1
1677,225,81,8,6,3,1
1678,225,81,8,6,3,1
1679,225,81,8,6,3,1
1680,225,81,8,6,3,1
1681,225,81,8,6,3,1
1682,225,81,8,6,3,1
1683,225,81,8,6,3,1
1684,225,81,8,6,3,1
1685,225,81,8,6,3,1
1686,225,81,8,6,3,1
1687,225,81,8,6,3,1
1688,225,81,8,6,3,1
1689,225,81,8,6,3,1
1690,225,81,8,6,3,1
1691,225,81,8,6,3,1
1692,225,81,8,6,3,1
1693,225,81,8,6,3,1
1694,225,81,8,6,3,1
1695,225,81,8,6,3,1
1696,225,81,8,6,3,1
1697,225,81,8,6,3,1
1698,225,81,8,6,3,1
1699,225,81,8,6,3,1
1700,225,81,8,6,3,1
1701,225,81,8,6,3,1
1702,225,81,8,6,3,1
1703,225,81,8,6,3,1
1704,225,81,8,6,3,1
1705,225,81,8,6,3,1
1706,225,81,8,6,3,1
1707,225,81,8,6,3,1
1708,225,81,8,6,3,1
1709,225,81,8,6,3,1
1710,225,81,8,6,3,1
1711,225,81,8,6,3,1
1712,225,81,8,6,3,1
1713,225,81,8,6,3,1
1714,225,81,8,6,3,1
1715,225,81,8,6,3,1
1716,225,81,8,6,3,1
1717,225,81,8,6,3,1
1718,225,81,8,6,3,1
1719,225,81,8,6,3,1
1720,225,81,8,6,3,1
1721,225,81,8,6,3,1
1722,225,81,8,6,3,1
1723,225,81,8,6,3,1
1724,225,81,8,6,3,1
1725,225,81,8,6,3,1
1726,225,81,8,6,3,1
1727,225,81,8,6,3,1
1728,225,81,8,6,3,1
1729,225,81,8,6,3,1
1730,225,81,8,6,3,1
1731,225,81,8,6,3,1
1732,225,81,8,6,3,1
1733,225,81,8,6,3,1
1734,225,81,8,6,3,1
1735,225,81,8,6,3,1
1736,225,81,8,6,3,1
1737,225,81,8,6,3,1
1738,225,81,8,6,3,1
1739,225,81,8,6,3,1
1740,225,81,8,6,3,1
1741,225,81,8,6,3,1
1742,225,81,8,6,3,1
1743,225,81,8,6,3,1
1744,225,81,8,6,3,1
1745,225,81,8,6,3,1
1746,225,81,8,6,3,1
1747,225,81,8,6,3,1
1748,225,81,8,6,3,1
1749,225,81,8,6,3,1
1750,225,81,8,6,3,1
1751,225,81,8,6,3,1
1752,225,81,8,6,3,1
1753,225,81,8,6,3,1
1754,225,81,8,6,3,1
1755,225,81,8,6,3,1
1756,225,81,8,6,3,1
1757,225,81,8,6,3,1
1758,225,81,8,6,3,1
1759,225,81,8,6,3,1
1760,225,81,8,6,3,1
1761,225,81,8,6,3,1
1762,225,81,8,6,3,1
1763,225,81,8,6,3,1
1764,225,81,8,6,3,1
1765,225,81,8,6,3,1
1766,225,81,8,6,3,1
1767,225,81,8,6,3,1
1768,225,81,8,6,3,1
1769,225,81,8,6,3,1
1770,225,81,8,6,3,1
1771,225,81,8,6,3,1
1772,225,81,8,6,3,1
1773,225,81,8,6,3,1
1774,225,81,8,6,3,1
1775,225,81,8,6,3,1
1776,225,81,8,6,3,1
1777,225,81,8,6,3,1
1778,225,81,8,6,3,1
1779,225,81,8,6,3,1
1780,225,81,8,6,3,1
1781,225,81,8,6,3,1
1782,225,81,8,6,3,1
1783,225,81,8,6,3,1
1784,225,81,8,6,3,1
1785,225,81,8,6,3,1
1786,225,81,8,6,3,1
1787,225,81,8,6,3,1
1788,225,81,8,6,3,1
1789,225,81,8,6,3,1
1790,225,81,8,6,3,1
1791,225,81,8,6,3,1
1792,225,81,8,6,3,1
1793,225,81,8,6,3,1
1794,225,81,8,6,3,1
1795,225,81,8,6,3,1
1796,225,81,8,6,3,1
1797,225,81,8,6,3,1
1798,225,81,8,6,3,1
1799,225,81,8,6,3,1
1800,225,81,8,6,3,1
1801,225,81,8,6,3,1
1802,225,81,8,6,3,1
1803,225,81,8,6,3,1
1804,225,81,8,6,3,1
1805,225,81,8,6,3,1
1806,225,81,8,6,3,1
1807,225,81,8,6,3,1
1808,225,81,8,6,3,1
1809,225,81,8,6,3,1
1810,225,81,8,6,3,1
1811,225,81,8,6,3,1
1812,225,81,8,6,3,1
1813,225,81,8,6,3,1
1814,225,81,8,6,3,1
1815,225,81,8,6,3,1
1816,225,81,8,6,3,1
1817,225,81,8,6,3,1
1818,225,81,8,6,3,1
1819,225,81,8,6,3,1
1820,225,81,8,6,3,1
1821,225,81,8,6,3,1
1822,225,81,8,6,3,1
1823,225,81,8,6,3,1
1824,225,81,8,6,3,1
1825,225,81,8,6,3,1
1826,225,81,8,6,3,1
1827,225,81,8,6,3,1
1828,225,81,8,6,3,1
1829,225,81,8,6,3,1
1830,225,81,8,6,3,1
1831,225,81,8,6,3,1
1832,225,81,8,6,3,1
1833,225,81,8,6,3,1
1834,225,81,8,6,3,1
1835,225,81,8,6,3,1
1836,225,81,8,6,3,1
1837,225,81,8,6,3,1
1838,225,81,8,6,3,1
1839,225,81,8,6,3,1
1840,225,81,8,6,3,1
1841,225,81,8,6,3,1
1842,225,81,8,6,3,1
1843,225,81,8,6,3,1
1844,225,81,8,6,3,1
1845,225,81,8,6,3,1
1846,225,81,8,6,3,1
1847,225,81,8,6,3,1
1848,225,81,8,6,3,1
1849,225,81,8,6,3,1
1850,225,81,8,6,3,1
1851,225,81,8,6,3,1
1852,225,81,8,6,3,1
1853,225,81,8,6,3,1
1854,225,81,8,6,3,1
1855,225,81,8,6,3,1
1856,225,81,8,6,3,1
1857,225,81,8,6,3,1
1858,225,81,8,6,3,1
1859,225,81,8,6,3,1
1860,225,81,8,6,3,1
1861,225,81,8,6,3,1
1862,225,81,8,6,3,1
1863,225,81,8,6,3,1
1864,225,81,8,6,3,1
1865,226,82,8,6,3,1
1866,226,82,8,6,3,1
1867,226,82,8,6,3,1
1868,226,82,8,6,3,1
1869,226,82,8,6,3,1
1870,226,82,8,6,3,1
1871,226,82,8,6,3,1
1872,226,82,8,6,3,1
1873,226,82,8,6,3,1
1874,226,82,8,6,3,1
1875,226,82,8,6,3,1
1876,226,82,8,6,3,1
1877,226,82,8,6,3,1
1878,226,82,8,6,3,1
1879,226,82,8,6,3,1
1880,226,82,8,6,3,1
1881,226,82,8,6,3,1
1882,226,82,8,6,3,1
1883,226,82,8,6,3,1
1884,226,82,8,6,3,1
1885,226,82,8,6,3,1
1886,226,82,8,6,3,1
1887,226,82,8,6,3,1
1888,226,82,8,6,3,1
1889,226,82,8,6,3,1
1890,226,82,8,6,3,1
1891,226,82,8,6,3,1
1892,226,82,8,6,3,1
1893,226,82,8,6,3,1
1894,226,82,8,6,3,1
1895,226,82,8,6,3,1
1896,226,82,8,6,3,1
1897,226,82,8,6,3,1
1898,226,82,8,6,3,1
1899,226,82,8,6,3,1
1900,226,82,8,6,3,1
1901,226,82,8,6,3,1
1902,226,82,8,6,3,1
1903,226,82,8,6,3,1
1904,226,82,8,6,3,1
1905,226,82,8,6,3,1
1906,226,82,8,6,3,1
1907,226,82,8,6,3,1
1908,226,82,8,6,3,1
1909,226,82,8,6,3,1
1910,226,82,8,6,3,1
1911,226,82,8,6,3,1
1912,226,82,8,6,3,1
1913,226,82,8,6,3,1
1914,226,82,8,6,3,1
1915,226,82,8,6,3,1
1916,226,82,8,6,3,1
1917,226,82,8,6,3,1
1918,226,82,8,6,3,1
1919,226,82,8,6,3,1
1920,226,82,8,6,3,1
1921,226,82,8,6,3,1
1922,226,82,8,6,3,1
1923,226,82,8,6,3,1
1924,226,82,8,6,3,1
1925,226,82,8,6,3,1
1926,226,82,8,6,3,1
1927,226,82,8,6,3,1
1928,226,82,8,6,3,1
1929,226,82,8,6,3,1
1930,226,82,8,6,3,1
1931,226,82,8,6,3,1
1932,226,82,8,6,3,1
1933,226,82,8,6,3,1
1934,226,82,8,6,3,1
1935,226,82,8,6,3,1
1936,226,82,8,6,3,1
1937,226,82,8,6,3,1
1938,226,82,8,6,3,1
1939,226,82,8,6,3,1
1940,226,82,8,6,3,1
1941,226,82,8,6,3,1
1942,226,82,8,6,3,1
1943,226,82,8,6,3,1
1944,226,82,8,6,3,1
1945,226,82,8,6,3,1
1946,226,82,8,6,3,1
1947,226,82,8,6,3,1
1948,226,82,8,6,3,1
1949,226,82,8,6,3,1
1950,226,82,8,6,3,1
1951,226,82,8,6,3,1
1952,226,82,8,6,3,1
1953,226,82,8,6,3,1
1954,226,82,8,6,3,1
1955,226,82,8,6,3,1
1956,226,82,8,6,3,1
1957,226,82,8,6,3,1
1958,226,82,8,6,3,1
1959,226,82,8,6,3,1
1960,226,82,8,6,3,1
1961,226,82,8,6,3,1
1962,226,82,8,6,3,1
1963,226,82,8,6,3,1
1964,226,82,8,6,3,1
1965,226,82,8,6,3,1
1966,226,82,8,6,3,1
1967,226,82,8,6,3,1
1968,226,82,8,6,3,1
1969,226,82,8,6,3,1
1970,226,82,8,6,3,1
1971,226,82,8,6,3,1
1972,226,82,8,6,3,1
1973,226,82,8,6,3,1
1974,226,82,8,6,3,1
1975,226,82,8,6,3,1
1976,226,82,8,6,3,1
1977,226,82,8,6,3,1
1978,226,82,8,6,3,1
1979,226,82,8,6,3,1
1980,226,82,8,6,3,1
1981,226,82,8,6,3,1
1982,226,82,8,6,3,1
1983,226,82,8,6,3,1
1984,226,82,8,6,3,1
1985,226,82,8,6,3,1
1986,226,82,8,6,3,1
1987,226,82,8,6,3,1
1988,226,82,8,6,3,1
1989,226,82,8,6,3,1
1990,226,82,8,6,3,1
1991,226,82,8,6,3,1
1992,226,82,8,6,3,1
1993,226,82,8,6,3,1
1994,226,82,8,6,3,1
1995,226,82,8,6,3,1
1996,226,82,8,6,3,1
1997,226,82,8,6,3,1
1998,226,82,8,6,3,1
1999,226,82,8,6,3,1
