update,prey_seen,prey_consumed,predator_vision,predator_vision_height,predator_vision_width
0,0,0,0,0,0
1,0,0,7,1,7
2,0,0,7,1,7
3,2,1,7,1,7
4,3,1,7,1,7
5,4,1,7,1,7
6,5,2,7,1,7
7,5,2,7,1,7
8,6,2,7,1,7
9,7,3,7,1,7
10,7,3,7,1,7
11,8,4,7,1,7
12,8,4,7,1,7
13,8,4,7,1,7
14,9,4,7,1,7
15,9,5,7,1,7
16,10,6,7,1,7
17,10,6,7,1,7
18,10,6,7,1,7
19,10,6,7,1,7
20,10,6,7,1,7
21,10,7,7,1,7
22,10,7,7,1,7
23,10,7,7,1,7
24,10,7,7,1,7
25,10,7,7,1,7
26,13,8,7,1,7
27,13,8,7,1,7
28,14,9,7,1,7
29,15,10,7,1,7
30,15,10,7,1,7
31,15,10,7,1,7
32,15,10,7,1,7
33,16,10,7,1,7
34,17,10,7,1,7
35,18,10,7,1,7
36,18,10,7,1,7
37,21,11,7,1,7
38,21,11,7,1,7
39,21,11,7,1,7
40,23,12,7,1,7
41,23,12,7,1,7
42,23,12,7,1,7
43,23,12,7,1,7
44,25,13,7,1,7
45,26,14,7,1,7
46,27,14,7,1,7
47,28,14,7,1,7
48,28,14,7,1,7
49,28,14,7,1,7
50,28,14,7,1,7
51,28,14,7,1,7
52,28,14,7,1,7
53,28,14,7,1,7
54,28,14,7,1,7
55,28,15,7,1,7
56,28,15,7,1,7
57,30,15,7,1,7
58,31,15,7,1,7
59,31,15,7,1,7
60,31,16,7,1,7
61,31,16,7,1,7
62,31,16,7,1,7
63,31,16,7,1,7
64,32,17,7,1,7
65,32,17,7,1,7
66,32,17,7,1,7
67,32,17,7,1,7
68,33,17,7,1,7
69,34,17,7,1,7
70,35,17,7,1,7
71,35,17,7,1,7
72,37,18,7,1,7
73,37,18,7,1,7
74,37,18,7,1,7
75,37,18,7,1,7
76,37,18,7,1,7
77,37,18,7,1,7
78,38,18,7,1,7
79,39,18,7,1,7
80,41,19,7,1,7
81,43,20,7,1,7
82,44,21,7,1,7
83,44,21,7,1,7
84,44,21,7,1,7
85,44,21,7,1,7
86,45,22,7,1,7
87,45,22,7,1,7
88,45,22,7,1,7
89,45,22,7,1,7
90,46,23,7,1,7
91,46,23,7,1,7
92,46,23,7,1,7
93,46,23,7,1,7
94,48,23,7,1,7
95,49,23,7,1,7
96,50,24,7,1,7
97,50,25,7,1,7
98,50,25,7,1,7
99,50,25,7,1,7
100,50,25,7,1,7
101,51,25,7,1,7
102,51,25,7,1,7
103,52,25,7,1,7
104,54,25,7,1,7
105,54,25,7,1,7
106,56,26,7,1,7
107,56,26,7,1,7
108,57,26,7,1,7
109,58,27,7,1,7
110,58,27,7,1,7
111,59,27,7,1,7
112,59,27,7,1,7
113,59,27,7,1,7
114,60,27,7,1,7
115,62,29,7,1,7
116,64,30,7,1,7
117,64,30,7,1,7
118,64,30,7,1,7
119,64,30,7,1,7
120,64,30,7,1,7
121,64,30,7,1,7
122,65,30,7,1,7
123,65,30,7,1,7
124,66,30,7,1,7
125,66,30,7,1,7
126,67,30,7,1,7
127,67,30,7,1,7
128,68,30,7,1,7
129,69,31,7,1,7
130,69,31,7,1,7
131,69,31,7,1,7
132,69,31,7,1,7
133,69,31,7,1,7
134,69,31,7,1,7
135,70,31,7,1,7
136,70,32,7,1,7
137,70,32,7,1,7
138,71,33,7,1,7
139,71,33,7,1,7
140,71,34,7,1,7
141,71,34,7,1,7
142,71,34,7,1,7
143,71,34,7,1,7
144,71,34,7,1,7
145,71,34,7,1,7
146,71,34,7,1,7
147,71,34,7,1,7
148,72,35,7,1,7
149,72,35,7,1,7
150,72,35,7,1,7
151,72,35,7,1,7
152,74,35,7,1,7
153,74,35,7,1,7
154,74,35,7,1,7
155,74,35,7,1,7
156,74,35,7,1,7
157,74,35,7,1,7
158,74,35,7,1,7
159,74,35,7,1,7
160,74,35,7,1,7
161,74,35,7,1,7
162,74,35,7,1,7
163,75,35,7,1,7
164,75,35,7,1,7
165,75,35,7,1,7
166,75,35,7,1,7
167,75,35,7,1,7
168,75,35,7,1,7
169,75,35,7,1,7
170,75,35,7,1,7
171,75,35,7,1,7
172,75,35,7,1,7
173,76,36,7,1,7
174,76,36,7,1,7
175,76,36,7,1,7
176,76,36,7,1,7
177,76,36,7,1,7
178,76,36,7,1,7
179,76,36,7,1,7
180,76,36,7,1,7
181,76,36,7,1,7
182,76,36,7,1,7
183,76,36,7,1,7
184,76,36,7,1,7
185,76,36,7,1,7
186,76,36,7,1,7
187,77,37,7,1,7
188,77,37,7,1,7
189,77,37,7,1,7
190,77,37,7,1,7
191,77,37,7,1,7
192,77,37,7,1,7
193,78,37,7,1,7
194,78,37,7,1,7
195,78,37,7,1,7
196,78,37,7,1,7
197,79,37,7,1,7
198,81,38,7,1,7
199,82,38,7,1,7
200,82,38,7,1,7
201,83,38,7,1,7
202,83,38,7,1,7
203,83,38,7,1,7
204,83,38,7,1,7
205,83,38,7,1,7
206,83,38,7,1,7
207,83,38,7,1,7
208,85,39,7,1,7
209,85,39,7,1,7
210,85,39,7,1,7
211,85,39,7,1,7
212,85,39,7,1,7
213,86,40,7,1,7
214,86,40,7,1,7
215,87,41,7,1,7
216,87,41,7,1,7
217,88,41,7,1,7
218,89,42,7,1,7
219,89,42,7,1,7
220,89,42,7,1,7
221,89,42,7,1,7
222,89,42,7,1,7
223,89,42,7,1,7
224,89,42,7,1,7
225,89,42,7,1,7
226,89,42,7,1,7
227,89,42,7,1,7
228,89,42,7,1,7
229,89,42,7,1,7
230,89,42,7,1,7
231,89,42,7,1,7
232,90,43,7,1,7
233,90,43,7,1,7
234,90,43,7,1,7
235,91,44,7,1,7
236,91,44,7,1,7
237,91,44,7,1,7
238,91,44,7,1,7
239,91,44,7,1,7
240,91,44,7,1,7
241,92,44,7,1,7
242,92,44,7,1,7
243,92,44,7,1,7
244,92,44,7,1,7
245,92,44,7,1,7
246,92,44,7,1,7
247,93,44,7,1,7
248,93,44,7,1,7
249,93,44,7,1,7
250,93,44,7,1,7
251,93,44,7,1,7
252,93,44,7,1,7
253,93,44,7,1,7
254,94,44,7,1,7
255,95,44,7,1,7
256,95,45,7,1,7
257,95,45,7,1,7
258,95,45,7,1,7
259,95,45,7,1,7
260,96,46,7,1,7
261,99,47,7,1,7
262,100,48,7,1,7
263,100,48,7,1,7
264,100,48,7,1,7
265,100,48,7,1,7
266,101,49,7,1,7
267,101,49,7,1,7
268,101,49,7,1,7
269,102,49,7,1,7
270,102,49,7,1,7
271,103,49,7,1,7
272,104,49,7,1,7
273,105,50,7,1,7
274,105,50,7,1,7
275,105,50,7,1,7
276,105,50,7,1,7
277,105,50,7,1,7
278,105,50,7,1,7
279,106,50,7,1,7
280,107,50,7,1,7
281,107,50,7,1,7
282,107,50,7,1,7
283,108,50,7,1,7
284,108,50,7,1,7
285,108,50,7,1,7
286,108,50,7,1,7
287,109,51,7,1,7
288,109,51,7,1,7
289,109,51,7,1,7
290,109,51,7,1,7
291,109,51,7,1,7
292,109,51,7,1,7
293,109,51,7,1,7
294,109,51,7,1,7
295,109,51,7,1,7
296,109,51,7,1,7
297,110,51,7,1,7
298,110,51,7,1,7
299,110,51,7,1,7
300,110,51,7,1,7
301,110,51,7,1,7
302,110,51,7,1,7
303,110,51,7,1,7
304,110,51,7,1,7
305,110,51,7,1,7
306,110,51,7,1,7
307,110,51,7,1,7
308,110,51,7,1,7
309,110,51,7,1,7
310,110,51,7,1,7
311,110,51,7,1,7
312,110,51,7,1,7
313,112,51,7,1,7
314,112,51,7,1,7
315,112,51,7,1,7
316,112,51,7,1,7
317,113,51,7,1,7
318,113,51,7,1,7
319,113,51,7,1,7
320,113,51,7,1,7
321,113,51,7,1,7
322,113,51,7,1,7
323,114,52,7,1,7
324,114,52,7,1,7
325,116,52,7,1,7
326,116,52,7,1,7
327,116,52,7,1,7
328,116,52,7,1,7
329,117,52,7,1,7
330,118,52,7,1,7
331,120,52,7,1,7
332,121,53,7,1,7
333,121,53,7,1,7
334,121,53,7,1,7
335,121,53,7,1,7
336,121,53,7,1,7
337,122,53,7,1,7
338,122,53,7,1,7
339,122,53,7,1,7
340,122,53,7,1,7
341,122,53,7,1,7
342,122,53,7,1,7
343,122,53,7,1,7
344,122,53,7,1,7
345,122,53,7,1,7
346,122,53,7,1,7
347,123,53,7,1,7
348,123,53,7,1,7
349,123,53,7,1,7
350,123,53,7,1,7
351,123,53,7,1,7
352,123,53,7,1,7
353,123,53,7,1,7
354,123,53,7,1,7
355,123,53,7,1,7
356,123,53,7,1,7
357,123,53,7,1,7
358,123,53,7,1,7
359,123,53,7,1,7
360,123,53,7,1,7
361,123,53,7,1,7
362,124,53,7,1,7
363,124,54,7,1,7
364,124,54,7,1,7
365,124,54,7,1,7
366,124,54,7,1,7
367,124,54,7,1,7
368,124,54,7,1,7
369,124,54,7,1,7
370,125,54,7,1,7
371,125,54,7,1,7
372,125,54,7,1,7
373,125,54,7,1,7
374,125,54,7,1,7
375,125,54,7,1,7
376,125,54,7,1,7
377,125,54,7,1,7
378,125,54,7,1,7
379,125,54,7,1,7
380,125,55,7,1,7
381,125,55,7,1,7
382,125,55,7,1,7
383,125,55,7,1,7
384,125,55,7,1,7
385,125,55,7,1,7
386,125,55,7,1,7
387,125,55,7,1,7
388,125,55,7,1,7
389,127,55,7,1,7
390,128,55,7,1,7
391,128,56,7,1,7
392,128,56,7,1,7
393,130,57,7,1,7
394,130,57,7,1,7
395,130,57,7,1,7
396,130,57,7,1,7
397,130,57,7,1,7
398,130,57,7,1,7
399,130,57,7,1,7
400,130,57,7,1,7
401,131,57,7,1,7
402,131,57,7,1,7
403,131,57,7,1,7
404,131,57,7,1,7
405,131,57,7,1,7
406,131,57,7,1,7
407,131,57,7,1,7
408,131,57,7,1,7
409,131,57,7,1,7
410,131,57,7,1,7
411,131,57,7,1,7
412,131,57,7,1,7
413,131,57,7,1,7
414,131,57,7,1,7
415,131,57,7,1,7
416,131,57,7,1,7
417,131,57,7,1,7
418,131,57,7,1,7
419,131,57,7,1,7
420,131,57,7,1,7
421,131,57,7,1,7
422,131,57,7,1,7
423,131,57,7,1,7
424,131,57,7,1,7
425,131,57,7,1,7
426,131,57,7,1,7
427,131,57,7,1,7
428,131,57,7,1,7
429,131,57,7,1,7
430,131,57,7,1,7
431,131,57,7,1,7
432,131,57,7,1,7
433,131,57,7,1,7
434,131,57,7,1,7
435,131,57,7,1,7
436,132,58,7,1,7
437,132,58,7,1,7
438,132,58,7,1,7
439,132,58,7,1,7
440,132,58,7,1,7
441,132,58,7,1,7
442,132,58,7,1,7
443,132,58,7,1,7
444,132,58,7,1,7
445,132,58,7,1,7
446,132,58,7,1,7
447,132,58,7,1,7
448,132,58,7,1,7
449,132,58,7,1,7
450,132,58,7,1,7
451,132,58,7,1,7
452,132,58,7,1,7
453,132,58,7,1,7
454,132,58,7,1,7
455,132,58,7,1,7
456,132,58,7,1,7
457,132,58,7,1,7
458,132,58,7,1,7
459,132,58,7,1,7
460,133,58,7,1,7
461,135,58,7,1,7
462,135,58,7,1,7
463,136,59,7,1,7
464,136,59,7,1,7
465,136,59,7,1,7
466,137,59,7,1,7
467,137,59,7,1,7
468,137,59,7,1,7
469,137,59,7,1,7
470,137,59,7,1,7
471,137,59,7,1,7
472,137,59,7,1,7
473,137,59,7,1,7
474,137,59,7,1,7
475,137,59,7,1,7
476,137,59,7,1,7
477,137,59,7,1,7
478,137,59,7,1,7
479,137,59,7,1,7
480,137,59,7,1,7
481,137,59,7,1,7
482,137,59,7,1,7
483,137,59,7,1,7
484,137,59,7,1,7
485,137,59,7,1,7
486,137,59,7,1,7
487,137,59,7,1,7
488,137,59,7,1,7
489,137,59,7,1,7
490,137,59,7,1,7
491,137,59,7,1,7
492,137,59,7,1,7
493,137,59,7,1,7
494,137,59,7,1,7
495,137,59,7,1,7
496,137,59,7,1,7
497,137,59,7,1,7
498,137,59,7,1,7
499,137,59,7,1,7
0,137,59,7,1,7
1,138,59,15,1,15
2,139,59,15,1,15
3,139,59,15,1,15
4,140,59,15,1,15
5,142,1,15,1,15
6,146,2,15,1,15
7,147,2,15,1,15
8,148,3,15,1,15
9,148,3,15,1,15
10,148,3,15,1,15
11,149,3,15,1,15
12,150,3,15,1,15
13,153,4,15,1,15
14,157,5,15,1,15
15,158,5,15,1,15
16,158,5,15,1,15
17,159,6,15,1,15
18,159,6,15,1,15
19,160,6,15,1,15
20,160,6,15,1,15
21,161,7,15,1,15
22,162,7,15,1,15
23,162,7,15,1,15
24,165,8,15,1,15
25,166,8,15,1,15
26,168,8,15,1,15
27,168,9,15,1,15
28,169,10,15,1,15
29,169,11,15,1,15
30,170,11,15,1,15
31,171,12,15,1,15
32,174,12,15,1,15
33,174,12,15,1,15
34,177,12,15,1,15
35,179,12,15,1,15
36,181,12,15,1,15
37,181,12,15,1,15
38,182,12,15,1,15
39,182,12,15,1,15
40,182,12,15,1,15
41,184,12,15,1,15
42,185,12,15,1,15
43,186,12,15,1,15
44,186,12,15,1,15
45,186,12,15,1,15
46,187,12,15,1,15
47,188,12,15,1,15
48,189,12,15,1,15
49,191,13,15,1,15
50,191,13,15,1,15
51,192,13,15,1,15
52,193,13,15,1,15
53,194,14,15,1,15
54,195,14,15,1,15
55,197,14,15,1,15
56,198,14,15,1,15
57,199,14,15,1,15
58,199,14,15,1,15
59,199,15,15,1,15
60,200,15,15,1,15
61,201,15,15,1,15
62,201,16,15,1,15
63,202,16,15,1,15
64,206,16,15,1,15
65,206,16,15,1,15
66,206,17,15,1,15
67,207,18,15,1,15
68,207,18,15,1,15
69,207,18,15,1,15
70,207,18,15,1,15
71,209,19,15,1,15
72,212,19,15,1,15
73,213,19,15,1,15
74,214,19,15,1,15
75,214,19,15,1,15
76,214,19,15,1,15
77,215,19,15,1,15
78,218,19,15,1,15
79,218,19,15,1,15
80,221,20,15,1,15
81,222,20,15,1,15
82,223,21,15,1,15
83,223,21,15,1,15
84,230,22,15,1,15
85,230,22,15,1,15
86,231,23,15,1,15
87,232,23,15,1,15
88,233,23,15,1,15
89,234,23,15,1,15
90,234,23,15,1,15
91,235,23,15,1,15
92,236,23,15,1,15
93,240,24,15,1,15
94,241,24,15,1,15
95,242,24,15,1,15
96,244,24,15,1,15
97,245,24,15,1,15
98,246,24,15,1,15
99,247,25,15,1,15
100,247,25,15,1,15
101,248,25,15,1,15
102,249,25,15,1,15
103,253,26,15,1,15
104,256,27,15,1,15
105,257,27,15,1,15
106,257,27,15,1,15
107,257,27,15,1,15
108,260,27,15,1,15
109,260,27,15,1,15
110,260,27,15,1,15
111,260,27,15,1,15
112,260,27,15,1,15
113,261,28,15,1,15
114,264,29,15,1,15
115,265,29,15,1,15
116,265,29,15,1,15
117,265,29,15,1,15
118,266,29,15,1,15
119,269,30,15,1,15
120,269,30,15,1,15
121,269,30,15,1,15
122,270,30,15,1,15
123,270,30,15,1,15
124,271,30,15,1,15
125,273,31,15,1,15
126,275,32,15,1,15
127,276,32,15,1,15
128,276,32,15,1,15
129,276,32,15,1,15
130,277,32,15,1,15
131,278,32,15,1,15
132,280,32,15,1,15
133,280,32,15,1,15
134,281,33,15,1,15
135,282,34,15,1,15
136,282,34,15,1,15
137,282,34,15,1,15
138,282,34,15,1,15
139,283,35,15,1,15
140,283,35,15,1,15
141,284,35,15,1,15
142,284,35,15,1,15
143,285,35,15,1,15
144,285,35,15,1,15
145,287,35,15,1,15
146,287,35,15,1,15
147,289,36,15,1,15
148,290,36,15,1,15
149,292,37,15,1,15
150,293,37,15,1,15
151,293,37,15,1,15
152,293,37,15,1,15
153,295,38,15,1,15
154,295,38,15,1,15
155,295,39,15,1,15
156,296,39,15,1,15
157,297,39,15,1,15
158,297,39,15,1,15
159,297,39,15,1,15
160,297,39,15,1,15
161,297,39,15,1,15
162,297,39,15,1,15
163,297,39,15,1,15
164,297,39,15,1,15
165,298,39,15,1,15
166,299,39,15,1,15
167,301,39,15,1,15
168,304,39,15,1,15
169,305,40,15,1,15
170,305,40,15,1,15
171,307,40,15,1,15
172,307,40,15,1,15
173,307,40,15,1,15
174,308,40,15,1,15
175,309,40,15,1,15
176,310,40,15,1,15
177,310,40,15,1,15
178,312,40,15,1,15
179,314,41,15,1,15
180,314,41,15,1,15
181,314,41,15,1,15
182,315,41,15,1,15
183,316,41,15,1,15
184,316,41,15,1,15
185,316,41,15,1,15
186,316,41,15,1,15
187,320,42,15,1,15
188,320,42,15,1,15
189,323,43,15,1,15
190,323,43,15,1,15
191,323,43,15,1,15
192,324,43,15,1,15
193,326,43,15,1,15
194,326,43,15,1,15
195,327,43,15,1,15
196,328,43,15,1,15
197,329,43,15,1,15
198,329,43,15,1,15
199,329,43,15,1,15
200,329,43,15,1,15
201,329,43,15,1,15
202,329,43,15,1,15
203,329,43,15,1,15
204,329,43,15,1,15
205,330,43,15,1,15
206,330,43,15,1,15
207,330,44,15,1,15
208,331,44,15,1,15
209,332,44,15,1,15
210,333,44,15,1,15
211,333,44,15,1,15
212,333,44,15,1,15
213,333,44,15,1,15
214,333,44,15,1,15
215,334,44,15,1,15
216,335,44,15,1,15
217,336,44,15,1,15
218,336,44,15,1,15
219,336,44,15,1,15
220,336,44,15,1,15
221,336,44,15,1,15
222,336,44,15,1,15
223,336,44,15,1,15
224,336,44,15,1,15
225,336,44,15,1,15
226,336,44,15,1,15
227,339,45,15,1,15
228,339,45,15,1,15
229,340,45,15,1,15
230,340,45,15,1,15
231,341,45,15,1,15
232,341,45,15,1,15
233,342,45,15,1,15
234,344,46,15,1,15
235,346,47,15,1,15
236,346,47,15,1,15
237,346,47,15,1,15
238,346,47,15,1,15
239,347,47,15,1,15
240,347,47,15,1,15
241,347,47,15,1,15
242,348,47,15,1,15
243,348,47,15,1,15
244,349,47,15,1,15
245,349,47,15,1,15
246,349,48,15,1,15
247,349,48,15,1,15
248,350,48,15,1,15
249,351,48,15,1,15
250,351,48,15,1,15
251,352,48,15,1,15
252,353,48,15,1,15
253,356,48,15,1,15
254,358,48,15,1,15
255,358,48,15,1,15
256,358,48,15,1,15
257,358,48,15,1,15
258,358,48,15,1,15
259,358,48,15,1,15
260,358,48,15,1,15
261,358,48,15,1,15
262,358,48,15,1,15
263,358,48,15,1,15
264,359,48,15,1,15
265,359,48,15,1,15
266,359,48,15,1,15
267,359,48,15,1,15
268,360,48,15,1,15
269,361,48,15,1,15
270,361,49,15,1,15
271,361,49,15,1,15
272,361,49,15,1,15
273,362,49,15,1,15
274,362,49,15,1,15
275,362,49,15,1,15
276,362,49,15,1,15
277,363,49,15,1,15
278,364,49,15,1,15
279,365,49,15,1,15
280,365,49,15,1,15
281,365,49,15,1,15
282,365,49,15,1,15
283,369,49,15,1,15
284,369,49,15,1,15
285,369,49,15,1,15
286,369,49,15,1,15
287,370,49,15,1,15
288,370,49,15,1,15
289,370,50,15,1,15
290,370,50,15,1,15
291,370,50,15,1,15
292,371,50,15,1,15
293,375,51,15,1,15
294,376,51,15,1,15
295,377,51,15,1,15
296,377,51,15,1,15
297,377,51,15,1,15
298,377,51,15,1,15
299,378,51,15,1,15
300,379,52,15,1,15
301,379,52,15,1,15
302,379,53,15,1,15
303,379,53,15,1,15
304,379,53,15,1,15
305,379,53,15,1,15
306,380,53,15,1,15
307,381,53,15,1,15
308,381,54,15,1,15
309,381,54,15,1,15
310,381,54,15,1,15
311,381,54,15,1,15
312,382,54,15,1,15
313,382,54,15,1,15
314,382,54,15,1,15
315,382,54,15,1,15
316,382,54,15,1,15
317,382,54,15,1,15
318,382,54,15,1,15
319,382,54,15,1,15
320,383,54,15,1,15
321,384,54,15,1,15
322,384,54,15,1,15
323,384,54,15,1,15
324,385,55,15,1,15
325,385,55,15,1,15
326,385,55,15,1,15
327,385,55,15,1,15
328,387,56,15,1,15
329,387,56,15,1,15
330,387,56,15,1,15
331,387,56,15,1,15
332,387,56,15,1,15
333,387,56,15,1,15
334,387,56,15,1,15
335,387,56,15,1,15
336,387,56,15,1,15
337,387,56,15,1,15
338,387,56,15,1,15
339,387,56,15,1,15
340,388,57,15,1,15
341,389,57,15,1,15
342,392,57,15,1,15
343,394,57,15,1,15
344,397,57,15,1,15
345,398,58,15,1,15
346,398,58,15,1,15
347,398,58,15,1,15
348,398,58,15,1,15
349,398,58,15,1,15
350,398,58,15,1,15
351,398,58,15,1,15
352,398,58,15,1,15
353,398,58,15,1,15
354,398,58,15,1,15
355,399,58,15,1,15
356,399,58,15,1,15
357,399,58,15,1,15
358,399,58,15,1,15
359,399,58,15,1,15
360,399,58,15,1,15
361,399,58,15,1,15
362,399,58,15,1,15
363,399,58,15,1,15
364,400,58,15,1,15
365,401,58,15,1,15
366,402,58,15,1,15
367,403,59,15,1,15
368,403,59,15,1,15
369,403,59,15,1,15
370,403,59,15,1,15
371,403,59,15,1,15
372,403,59,15,1,15
373,404,60,15,1,15
374,405,61,15,1,15
375,405,61,15,1,15
376,405,61,15,1,15
377,405,61,15,1,15
378,405,61,15,1,15
379,405,61,15,1,15
380,405,61,15,1,15
381,405,61,15,1,15
382,405,61,15,1,15
383,405,61,15,1,15
384,405,61,15,1,15
385,405,61,15,1,15
386,405,61,15,1,15
387,405,61,15,1,15
388,405,61,15,1,15
389,405,61,15,1,15
390,405,61,15,1,15
391,405,61,15,1,15
392,405,61,15,1,15
393,405,61,15,1,15
394,405,61,15,1,15
395,405,61,15,1,15
396,405,61,15,1,15
397,406,61,15,1,15
398,407,61,15,1,15
399,407,61,15,1,15
400,408,61,15,1,15
401,408,61,15,1,15
402,408,61,15,1,15
403,408,61,15,1,15
404,408,61,15,1,15
405,409,62,15,1,15
406,409,62,15,1,15
407,409,62,15,1,15
408,410,62,15,1,15
409,410,62,15,1,15
410,411,62,15,1,15
411,413,62,15,1,15
412,415,62,15,1,15
413,416,63,15,1,15
414,416,63,15,1,15
415,416,63,15,1,15
416,416,63,15,1,15
417,416,63,15,1,15
418,417,63,15,1,15
419,419,63,15,1,15
420,420,63,15,1,15
421,420,63,15,1,15
422,423,64,15,1,15
423,423,64,15,1,15
424,423,64,15,1,15
425,423,64,15,1,15
426,423,64,15,1,15
427,424,64,15,1,15
428,424,64,15,1,15
429,424,64,15,1,15
430,424,64,15,1,15
431,424,64,15,1,15
432,424,64,15,1,15
433,424,64,15,1,15
434,424,64,15,1,15
435,424,64,15,1,15
436,424,64,15,1,15
437,424,64,15,1,15
438,424,64,15,1,15
439,424,64,15,1,15
440,424,64,15,1,15
441,424,64,15,1,15
442,424,64,15,1,15
443,426,65,15,1,15
444,427,65,15,1,15
445,428,65,15,1,15
446,428,65,15,1,15
447,428,65,15,1,15
448,428,65,15,1,15
449,428,65,15,1,15
450,428,65,15,1,15
451,430,66,15,1,15
452,431,66,15,1,15
453,431,66,15,1,15
454,431,66,15,1,15
455,431,66,15,1,15
456,431,66,15,1,15
457,431,66,15,1,15
458,431,66,15,1,15
459,431,66,15,1,15
460,431,66,15,1,15
461,431,66,15,1,15
462,432,66,15,1,15
463,432,66,15,1,15
464,432,66,15,1,15
465,434,66,15,1,15
466,434,66,15,1,15
467,434,66,15,1,15
468,434,66,15,1,15
469,434,66,15,1,15
470,435,66,15,1,15
471,435,66,15,1,15
472,436,66,15,1,15
473,436,66,15,1,15
474,436,66,15,1,15
475,437,66,15,1,15
476,437,66,15,1,15
477,437,66,15,1,15
478,437,66,15,1,15
479,437,66,15,1,15
480,437,66,15,1,15
481,437,66,15,1,15
482,439,67,15,1,15
483,440,68,15,1,15
484,440,68,15,1,15
485,440,68,15,1,15
486,440,68,15,1,15
487,440,68,15,1,15
488,440,68,15,1,15
489,440,68,15,1,15
490,440,68,15,1,15
491,441,68,15,1,15
492,441,68,15,1,15
493,441,68,15,1,15
494,441,68,15,1,15
495,441,68,15,1,15
496,442,68,15,1,15
497,442,68,15,1,15
498,442,68,15,1,15
499,442,68,15,1,15
0,442,68,15,1,15
1,456,1,63,3,23
2,460,2,63,3,23
3,464,2,63,3,23
4,476,3,63,3,23
5,495,5,63,3,23
6,499,6,63,3,23
7,501,6,63,3,23
8,504,6,63,3,23
9,507,6,63,3,23
10,509,6,63,3,23
11,511,6,63,3,23
12,515,6,63,3,23
13,520,6,63,3,23
14,526,7,63,3,23
15,529,7,63,3,23
16,536,7,63,3,23
17,541,8,63,3,23
18,553,10,63,3,23
19,556,10,63,3,23
20,559,10,63,3,23
21,562,11,63,3,23
22,564,11,63,3,23
23,566,12,63,3,23
24,567,12,63,3,23
25,568,12,63,3,23
26,573,12,63,3,23
27,574,12,63,3,23
28,579,12,63,3,23
29,581,12,63,3,23
30,584,12,63,3,23
31,590,13,63,3,23
32,601,14,63,3,23
33,605,14,63,3,23
34,608,14,63,3,23
35,613,14,63,3,23
36,621,14,63,3,23
37,623,14,63,3,23
38,625,14,63,3,23
39,627,14,63,3,23
40,630,15,63,3,23
41,637,15,63,3,23
42,641,15,63,3,23
43,643,15,63,3,23
44,645,15,63,3,23
45,649,15,63,3,23
46,653,15,63,3,23
47,657,15,63,3,23
48,661,15,63,3,23
49,667,16,63,3,23
50,670,16,63,3,23
51,674,16,63,3,23
52,681,16,63,3,23
53,685,16,63,3,23
54,691,16,63,3,23
55,692,16,63,3,23
56,696,17,63,3,23
57,701,17,63,3,23
58,704,17,63,3,23
59,706,17,63,3,23
60,711,17,63,3,23
61,717,17,63,3,23
62,718,17,63,3,23
63,719,17,63,3,23
64,722,17,63,3,23
65,733,17,63,3,23
66,735,17,63,3,23
67,737,17,63,3,23
68,743,17,63,3,23
69,745,17,63,3,23
70,750,17,63,3,23
71,753,17,63,3,23
72,762,17,63,3,23
73,773,17,63,3,23
74,784,17,63,3,23
75,793,18,63,3,23
76,796,18,63,3,23
77,804,18,63,3,23
78,810,18,63,3,23
79,812,19,63,3,23
80,814,19,63,3,23
81,816,19,63,3,23
82,817,19,63,3,23
83,818,19,63,3,23
84,826,19,63,3,23
85,829,19,63,3,23
86,829,19,63,3,23
87,832,20,63,3,23
88,834,20,63,3,23
89,835,20,63,3,23
90,839,20,63,3,23
91,840,20,63,3,23
92,841,20,63,3,23
93,843,20,63,3,23
94,844,20,63,3,23
95,845,21,63,3,23
96,853,22,63,3,23
97,855,22,63,3,23
98,857,22,63,3,23
99,862,22,63,3,23
100,864,22,63,3,23
101,864,22,63,3,23
102,870,23,63,3,23
103,875,24,63,3,23
104,880,24,63,3,23
105,883,24,63,3,23
106,886,24,63,3,23
107,887,24,63,3,23
108,899,24,63,3,23
109,903,24,63,3,23
110,910,24,63,3,23
111,912,24,63,3,23
112,914,24,63,3,23
113,915,24,63,3,23
114,917,24,63,3,23
115,925,25,63,3,23
116,928,25,63,3,23
117,929,25,63,3,23
118,931,25,63,3,23
119,932,25,63,3,23
120,934,26,63,3,23
121,934,26,63,3,23
122,934,26,63,3,23
123,936,26,63,3,23
124,942,26,63,3,23
125,945,26,63,3,23
126,947,26,63,3,23
127,959,26,63,3,23
128,967,26,63,3,23
129,975,27,63,3,23
130,983,27,63,3,23
131,987,27,63,3,23
132,990,27,63,3,23
133,996,27,63,3,23
134,1003,28,63,3,23
135,1012,28,63,3,23
136,1012,28,63,3,23
137,1014,28,63,3,23
138,1019,28,63,3,23
139,1020,28,63,3,23
140,1024,29,63,3,23
141,1025,29,63,3,23
142,1026,29,63,3,23
143,1030,29,63,3,23
144,1034,29,63,3,23
145,1043,29,63,3,23
146,1048,29,63,3,23
147,1054,29,63,3,23
148,1056,29,63,3,23
149,1058,29,63,3,23
150,1059,29,63,3,23
151,1063,29,63,3,23
152,1064,29,63,3,23
153,1065,29,63,3,23
154,1067,29,63,3,23
155,1069,29,63,3,23
156,1070,29,63,3,23
157,1073,30,63,3,23
158,1076,30,63,3,23
159,1083,31,63,3,23
160,1094,33,63,3,23
161,1097,33,63,3,23
162,1099,33,63,3,23
163,1100,33,63,3,23
164,1101,33,63,3,23
165,1102,33,63,3,23
166,1104,33,63,3,23
167,1109,33,63,3,23
168,1114,33,63,3,23
169,1119,33,63,3,23
170,1129,34,63,3,23
171,1140,35,63,3,23
172,1146,35,63,3,23
173,1153,35,63,3,23
174,1157,35,63,3,23
175,1159,35,63,3,23
176,1162,35,63,3,23
177,1169,35,63,3,23
178,1172,35,63,3,23
179,1181,35,63,3,23
180,1184,35,63,3,23
181,1187,36,63,3,23
182,1190,36,63,3,23
183,1197,36,63,3,23
184,1206,36,63,3,23
185,1210,36,63,3,23
186,1214,37,63,3,23
187,1216,37,63,3,23
188,1217,37,63,3,23
189,1220,37,63,3,23
190,1221,37,63,3,23
191,1222,37,63,3,23
192,1228,37,63,3,23
193,1230,37,63,3,23
194,1234,37,63,3,23
195,1234,37,63,3,23
196,1234,37,63,3,23
197,1235,37,63,3,23
198,1239,37,63,3,23
199,1242,37,63,3,23
200,1242,37,63,3,23
201,1244,37,63,3,23
202,1244,37,63,3,23
203,1248,37,63,3,23
204,1248,37,63,3,23
205,1248,37,63,3,23
206,1252,37,63,3,23
207,1254,37,63,3,23
208,1255,37,63,3,23
209,1256,37,63,3,23
210,1259,38,63,3,23
211,1261,38,63,3,23
212,1262,38,63,3,23
213,1264,38,63,3,23
214,1266,38,63,3,23
215,1268,38,63,3,23
216,1269,38,63,3,23
217,1270,38,63,3,23
218,1272,38,63,3,23
219,1273,38,63,3,23
220,1277,38,63,3,23
221,1279,38,63,3,23
222,1283,38,63,3,23
223,1284,38,63,3,23
224,1286,38,63,3,23
225,1289,38,63,3,23
226,1292,38,63,3,23
227,1294,38,63,3,23
228,1297,38,63,3,23
229,1300,38,63,3,23
230,1308,40,63,3,23
231,1309,40,63,3,23
232,1315,40,63,3,23
233,1319,40,63,3,23
234,1319,40,63,3,23
235,1322,41,63,3,23
236,1329,42,63,3,23
237,1330,42,63,3,23
238,1332,42,63,3,23
239,1334,43,63,3,23
240,1334,43,63,3,23
241,1339,43,63,3,23
242,1340,43,63,3,23
243,1341,43,63,3,23
244,1343,43,63,3,23
245,1345,43,63,3,23
246,1346,43,63,3,23
247,1347,44,63,3,23
248,1347,44,63,3,23
249,1347,44,63,3,23
250,1353,45,63,3,23
251,1359,46,63,3,23
252,1361,46,63,3,23
253,1363,46,63,3,23
254,1369,47,63,3,23
255,1373,47,63,3,23
256,1378,48,63,3,23
257,1385,48,63,3,23
258,1391,49,63,3,23
259,1392,49,63,3,23
260,1394,49,63,3,23
261,1395,49,63,3,23
262,1397,49,63,3,23
263,1403,49,63,3,23
264,1406,50,63,3,23
265,1407,50,63,3,23
266,1408,50,63,3,23
267,1408,50,63,3,23
268,1408,50,63,3,23
269,1410,50,63,3,23
270,1413,50,63,3,23
271,1414,50,63,3,23
272,1416,50,63,3,23
273,1419,50,63,3,23
274,1420,50,63,3,23
275,1423,50,63,3,23
276,1428,50,63,3,23
277,1432,50,63,3,23
278,1434,50,63,3,23
279,1436,50,63,3,23
280,1437,50,63,3,23
281,1438,50,63,3,23
282,1441,51,63,3,23
283,1444,51,63,3,23
284,1446,52,63,3,23
285,1447,52,63,3,23
286,1448,52,63,3,23
287,1451,52,63,3,23
288,1454,52,63,3,23
289,1456,53,63,3,23
290,1458,53,63,3,23
291,1461,53,63,3,23
292,1463,53,63,3,23
293,1464,53,63,3,23
294,1465,53,63,3,23
295,1468,53,63,3,23
296,1470,54,63,3,23
297,1473,54,63,3,23
298,1477,54,63,3,23
299,1481,54,63,3,23
300,1489,54,63,3,23
301,1490,54,63,3,23
302,1492,54,63,3,23
303,1495,54,63,3,23
304,1499,54,63,3,23
305,1505,54,63,3,23
306,1508,54,63,3,23
307,1513,54,63,3,23
308,1516,54,63,3,23
309,1516,54,63,3,23
310,1517,54,63,3,23
311,1518,54,63,3,23
312,1519,54,63,3,23
313,1520,54,63,3,23
314,1522,54,63,3,23
315,1524,54,63,3,23
316,1526,55,63,3,23
317,1527,55,63,3,23
318,1527,55,63,3,23
319,1527,55,63,3,23
320,1527,55,63,3,23
321,1528,55,63,3,23
322,1529,55,63,3,23
323,1530,55,63,3,23
324,1531,56,63,3,23
325,1532,56,63,3,23
326,1536,56,63,3,23
327,1538,56,63,3,23
328,1541,56,63,3,23
329,1543,56,63,3,23
330,1544,56,63,3,23
331,1549,56,63,3,23
332,1550,56,63,3,23
333,1553,56,63,3,23
334,1554,56,63,3,23
335,1555,56,63,3,23
336,1557,56,63,3,23
337,1557,56,63,3,23
338,1557,56,63,3,23
339,1558,56,63,3,23
340,1560,56,63,3,23
341,1562,56,63,3,23
342,1565,56,63,3,23
343,1568,56,63,3,23
344,1573,58,63,3,23
345,1576,58,63,3,23
346,1579,59,63,3,23
347,1581,59,63,3,23
348,1584,59,63,3,23
349,1586,59,63,3,23
350,1590,60,63,3,23
351,1591,60,63,3,23
352,1593,60,63,3,23
353,1598,60,63,3,23
354,1599,60,63,3,23
355,1600,60,63,3,23
356,1607,61,63,3,23
357,1609,61,63,3,23
358,1611,61,63,3,23
359,1615,61,63,3,23
360,1617,61,63,3,23
361,1618,61,63,3,23
362,1620,61,63,3,23
363,1623,61,63,3,23
364,1624,61,63,3,23
365,1626,62,63,3,23
366,1626,62,63,3,23
367,1629,63,63,3,23
368,1630,63,63,3,23
369,1631,63,63,3,23
370,1633,63,63,3,23
371,1633,63,63,3,23
372,1634,63,63,3,23
373,1635,63,63,3,23
374,1637,63,63,3,23
375,1638,63,63,3,23
376,1646,63,63,3,23
377,1648,63,63,3,23
378,1649,64,63,3,23
379,1651,65,63,3,23
380,1652,66,63,3,23
381,1659,66,63,3,23
382,1660,66,63,3,23
383,1662,66,63,3,23
384,1664,66,63,3,23
385,1665,66,63,3,23
386,1667,66,63,3,23
387,1674,66,63,3,23
388,1676,66,63,3,23
389,1679,66,63,3,23
390,1681,66,63,3,23
391,1681,66,63,3,23
392,1683,66,63,3,23
393,1685,66,63,3,23
394,1686,66,63,3,23
395,1689,66,63,3,23
396,1695,66,63,3,23
397,1699,66,63,3,23
398,1708,66,63,3,23
399,1710,66,63,3,23
400,1712,66,63,3,23
401,1715,67,63,3,23
402,1717,68,63,3,23
403,1717,68,63,3,23
404,1718,68,63,3,23
405,1720,68,63,3,23
406,1721,68,63,3,23
407,1722,68,63,3,23
408,1723,68,63,3,23
409,1724,68,63,3,23
410,1725,68,63,3,23
411,1728,69,63,3,23
412,1729,69,63,3,23
413,1729,69,63,3,23
414,1733,69,63,3,23
415,1735,69,63,3,23
416,1741,69,63,3,23
417,1743,69,63,3,23
418,1746,69,63,3,23
419,1747,69,63,3,23
420,1750,69,63,3,23
421,1752,69,63,3,23
422,1753,69,63,3,23
423,1754,69,63,3,23
424,1755,69,63,3,23
425,1755,69,63,3,23
426,1755,69,63,3,23
427,1757,69,63,3,23
428,1759,69,63,3,23
429,1760,69,63,3,23
430,1761,69,63,3,23
431,1761,69,63,3,23
432,1763,69,63,3,23
433,1764,69,63,3,23
434,1767,69,63,3,23
435,1769,69,63,3,23
436,1773,69,63,3,23
437,1774,69,63,3,23
438,1775,69,63,3,23
439,1777,69,63,3,23
440,1780,69,63,3,23
441,1783,69,63,3,23
442,1786,69,63,3,23
443,1789,69,63,3,23
444,1792,70,63,3,23
445,1793,70,63,3,23
446,1793,70,63,3,23
447,1794,70,63,3,23
448,1794,70,63,3,23
449,1794,70,63,3,23
450,1797,70,63,3,23
451,1798,70,63,3,23
452,1800,70,63,3,23
453,1802,70,63,3,23
454,1803,70,63,3,23
455,1804,70,63,3,23
456,1804,70,63,3,23
457,1805,70,63,3,23
458,1805,70,63,3,23
459,1805,70,63,3,23
460,1805,70,63,3,23
461,1806,70,63,3,23
462,1807,70,63,3,23
463,1809,71,63,3,23
464,1811,71,63,3,23
465,1813,71,63,3,23
466,1814,72,63,3,23
467,1819,73,63,3,23
468,1820,73,63,3,23
469,1822,73,63,3,23
470,1824,73,63,3,23
471,1825,73,63,3,23
472,1827,73,63,3,23
473,1828,73,63,3,23
474,1828,73,63,3,23
475,1830,74,63,3,23
476,1830,74,63,3,23
477,1830,74,63,3,23
478,1830,74,63,3,23
479,1830,74,63,3,23
480,1830,74,63,3,23
481,1834,74,63,3,23
482,1837,75,63,3,23
483,1839,75,63,3,23
484,1840,75,63,3,23
485,1841,75,63,3,23
486,1842,75,63,3,23
487,1842,75,63,3,23
488,1842,75,63,3,23
489,1842,75,63,3,23
490,1842,75,63,3,23
491,1844,75,63,3,23
492,1844,75,63,3,23
493,1846,75,63,3,23
494,1848,75,63,3,23
495,1849,75,63,3,23
496,1850,76,63,3,23
497,1851,76,63,3,23
498,1854,76,63,3,23
499,1856,76,63,3,23
0,1858,76,63,3,23
1,1866,1,39,9,11
2,1872,2,39,9,11
3,1879,2,39,9,11
4,1884,4,39,9,11
5,1886,4,39,9,11
6,1889,4,39,9,11
7,1893,5,39,9,11
8,1897,6,39,9,11
9,1900,6,39,9,11
10,1901,6,39,9,11
11,1904,6,39,9,11
12,1908,6,39,9,11
13,1910,6,39,9,11
14,1912,7,39,9,11
15,1913,7,39,9,11
16,1915,7,39,9,11
17,1923,7,39,9,11
18,1931,7,39,9,11
19,1938,8,39,9,11
20,1944,9,39,9,11
21,1946,9,39,9,11
22,1948,9,39,9,11
23,1951,10,39,9,11
24,1953,10,39,9,11
25,1954,10,39,9,11
26,1956,10,39,9,11
27,1960,10,39,9,11
28,1968,10,39,9,11
29,1972,11,39,9,11
30,1973,11,39,9,11
31,1974,11,39,9,11
32,1977,13,39,9,11
33,1979,13,39,9,11
34,1980,13,39,9,11
35,1980,13,39,9,11
36,1986,13,39,9,11
37,1989,14,39,9,11
38,1991,14,39,9,11
39,1993,14,39,9,11
40,1997,14,39,9,11
41,1998,15,39,9,11
42,2000,15,39,9,11
43,2003,15,39,9,11
44,2005,16,39,9,11
45,2009,17,39,9,11
46,2016,17,39,9,11
47,2018,17,39,9,11
48,2021,18,39,9,11
49,2022,18,39,9,11
50,2023,18,39,9,11
51,2031,19,39,9,11
52,2033,20,39,9,11
53,2038,20,39,9,11
54,2039,20,39,9,11
55,2043,20,39,9,11
56,2047,20,39,9,11
57,2057,21,39,9,11
58,2060,22,39,9,11
59,2061,22,39,9,11
60,2065,23,39,9,11
61,2068,23,39,9,11
62,2071,23,39,9,11
63,2073,23,39,9,11
64,2076,24,39,9,11
65,2079,24,39,9,11
66,2081,25,39,9,11
67,2085,25,39,9,11
68,2086,25,39,9,11
69,2090,25,39,9,11
70,2091,25,39,9,11
71,2095,26,39,9,11
72,2095,26,39,9,11
73,2096,26,39,9,11
74,2098,26,39,9,11
75,2102,26,39,9,11
76,2113,27,39,9,11
77,2119,28,39,9,11
78,2122,28,39,9,11
79,2123,28,39,9,11
80,2125,28,39,9,11
81,2127,28,39,9,11
82,2128,28,39,9,11
83,2132,28,39,9,11
84,2148,29,39,9,11
85,2155,29,39,9,11
86,2161,30,39,9,11
87,2164,30,39,9,11
88,2167,30,39,9,11
89,2168,30,39,9,11
90,2169,30,39,9,11
91,2171,30,39,9,11
92,2175,30,39,9,11
93,2180,30,39,9,11
94,2182,31,39,9,11
95,2185,31,39,9,11
96,2186,31,39,9,11
97,2189,31,39,9,11
98,2192,31,39,9,11
99,2193,32,39,9,11
100,2194,32,39,9,11
101,2195,32,39,9,11
102,2199,33,39,9,11
103,2201,33,39,9,11
104,2202,33,39,9,11
105,2205,35,39,9,11
106,2208,35,39,9,11
107,2209,35,39,9,11
108,2210,35,39,9,11
109,2213,35,39,9,11
110,2218,36,39,9,11
111,2219,36,39,9,11
112,2219,36,39,9,11
113,2219,36,39,9,11
114,2222,36,39,9,11
115,2223,36,39,9,11
116,2225,36,39,9,11
117,2226,36,39,9,11
118,2227,36,39,9,11
119,2228,36,39,9,11
120,2229,36,39,9,11
121,2229,36,39,9,11
122,2233,36,39,9,11
123,2233,36,39,9,11
124,2238,37,39,9,11
125,2240,37,39,9,11
126,2241,37,39,9,11
127,2243,37,39,9,11
128,2243,37,39,9,11
129,2243,37,39,9,11
130,2243,37,39,9,11
131,2245,37,39,9,11
132,2248,37,39,9,11
133,2254,37,39,9,11
134,2256,37,39,9,11
135,2256,37,39,9,11
136,2256,37,39,9,11
137,2256,37,39,9,11
138,2257,37,39,9,11
139,2262,37,39,9,11
140,2267,37,39,9,11
141,2267,37,39,9,11
142,2271,38,39,9,11
143,2274,39,39,9,11
144,2275,39,39,9,11
145,2277,39,39,9,11
146,2279,39,39,9,11
147,2286,40,39,9,11
148,2288,40,39,9,11
149,2294,40,39,9,11
150,2303,40,39,9,11
151,2304,40,39,9,11
152,2305,40,39,9,11
153,2307,40,39,9,11
154,2312,40,39,9,11
155,2313,40,39,9,11
156,2314,40,39,9,11
157,2315,40,39,9,11
158,2317,40,39,9,11
159,2321,40,39,9,11
160,2325,40,39,9,11
161,2327,40,39,9,11
162,2328,40,39,9,11
163,2329,40,39,9,11
164,2330,40,39,9,11
165,2332,40,39,9,11
166,2334,40,39,9,11
167,2335,40,39,9,11
168,2337,40,39,9,11
169,2339,40,39,9,11
170,2343,40,39,9,11
171,2343,40,39,9,11
172,2347,41,39,9,11
173,2347,41,39,9,11
174,2349,42,39,9,11
175,2351,42,39,9,11
176,2353,42,39,9,11
177,2358,43,39,9,11
178,2358,43,39,9,11
179,2360,43,39,9,11
180,2362,43,39,9,11
181,2364,43,39,9,11
182,2365,43,39,9,11
183,2365,43,39,9,11
184,2365,43,39,9,11
185,2366,43,39,9,11
186,2368,43,39,9,11
187,2370,43,39,9,11
188,2371,43,39,9,11
189,2372,43,39,9,11
190,2374,43,39,9,11
191,2375,43,39,9,11
192,2377,44,39,9,11
193,2378,45,39,9,11
194,2380,46,39,9,11
195,2381,46,39,9,11
196,2390,47,39,9,11
197,2393,47,39,9,11
198,2394,47,39,9,11
199,2394,47,39,9,11
200,2395,47,39,9,11
201,2396,47,39,9,11
202,2398,47,39,9,11
203,2400,47,39,9,11
204,2403,47,39,9,11
205,2406,47,39,9,11
206,2409,47,39,9,11
207,2414,47,39,9,11
208,2419,47,39,9,11
209,2420,47,39,9,11
210,2425,47,39,9,11
211,2429,47,39,9,11
212,2435,47,39,9,11
213,2436,47,39,9,11
214,2436,47,39,9,11
215,2437,47,39,9,11
216,2438,48,39,9,11
217,2438,48,39,9,11
218,2439,49,39,9,11
219,2439,49,39,9,11
220,2439,49,39,9,11
221,2440,49,39,9,11
222,2441,49,39,9,11
223,2442,49,39,9,11
224,2443,49,39,9,11
225,2444,49,39,9,11
226,2447,49,39,9,11
227,2448,50,39,9,11
228,2448,50,39,9,11
229,2450,51,39,9,11
230,2450,51,39,9,11
231,2454,51,39,9,11
232,2456,51,39,9,11
233,2458,51,39,9,11
234,2462,51,39,9,11
235,2463,51,39,9,11
236,2464,51,39,9,11
237,2465,51,39,9,11
238,2466,51,39,9,11
239,2466,51,39,9,11
240,2470,51,39,9,11
241,2471,51,39,9,11
242,2471,51,39,9,11
243,2473,51,39,9,11
244,2474,52,39,9,11
245,2474,52,39,9,11
246,2474,52,39,9,11
247,2474,52,39,9,11
248,2477,53,39,9,11
249,2480,54,39,9,11
250,2486,54,39,9,11
251,2487,54,39,9,11
252,2488,54,39,9,11
253,2489,54,39,9,11
254,2491,54,39,9,11
255,2491,54,39,9,11
256,2492,54,39,9,11
257,2494,55,39,9,11
258,2494,55,39,9,11
259,2495,55,39,9,11
260,2496,55,39,9,11
261,2498,55,39,9,11
262,2501,55,39,9,11
263,2505,55,39,9,11
264,2507,55,39,9,11
265,2514,55,39,9,11
266,2516,55,39,9,11
267,2518,55,39,9,11
268,2519,55,39,9,11
269,2520,55,39,9,11
270,2522,56,39,9,11
271,2524,56,39,9,11
272,2527,56,39,9,11
273,2528,56,39,9,11
274,2529,57,39,9,11
275,2529,57,39,9,11
276,2530,57,39,9,11
277,2531,57,39,9,11
278,2532,57,39,9,11
279,2533,57,39,9,11
280,2533,57,39,9,11
281,2535,57,39,9,11
282,2537,58,39,9,11
283,2541,58,39,9,11
284,2542,59,39,9,11
285,2545,59,39,9,11
286,2546,59,39,9,11
287,2546,59,39,9,11
288,2548,59,39,9,11
289,2552,59,39,9,11
290,2553,59,39,9,11
291,2554,59,39,9,11
292,2554,59,39,9,11
293,2554,59,39,9,11
294,2558,59,39,9,11
295,2562,59,39,9,11
296,2563,59,39,9,11
297,2564,59,39,9,11
298,2564,59,39,9,11
299,2564,59,39,9,11
300,2566,60,39,9,11
301,2567,61,39,9,11
302,2567,61,39,9,11
303,2567,61,39,9,11
304,2567,61,39,9,11
305,2568,61,39,9,11
306,2569,62,39,9,11
307,2569,62,39,9,11
308,2569,62,39,9,11
309,2570,62,39,9,11
310,2571,62,39,9,11
311,2572,62,39,9,11
312,2576,62,39,9,11
313,2578,62,39,9,11
314,2580,62,39,9,11
315,2581,62,39,9,11
316,2582,62,39,9,11
317,2582,62,39,9,11
318,2583,62,39,9,11
319,2584,62,39,9,11
320,2586,62,39,9,11
321,2589,62,39,9,11
322,2590,62,39,9,11
323,2590,62,39,9,11
324,2590,62,39,9,11
325,2590,62,39,9,11
326,2591,62,39,9,11
327,2593,62,39,9,11
328,2596,63,39,9,11
329,2598,63,39,9,11
330,2599,63,39,9,11
331,2599,63,39,9,11
332,2601,63,39,9,11
333,2603,63,39,9,11
334,2605,63,39,9,11
335,2606,63,39,9,11
336,2607,63,39,9,11
337,2608,63,39,9,11
338,2608,63,39,9,11
339,2608,63,39,9,11
340,2608,63,39,9,11
341,2608,63,39,9,11
342,2608,63,39,9,11
343,2608,63,39,9,11
344,2608,63,39,9,11
345,2609,63,39,9,11
346,2610,63,39,9,11
347,2612,63,39,9,11
348,2614,64,39,9,11
349,2616,64,39,9,11
350,2619,65,39,9,11
351,2620,65,39,9,11
352,2621,65,39,9,11
353,2623,65,39,9,11
354,2626,65,39,9,11
355,2629,65,39,9,11
356,2631,66,39,9,11
357,2632,66,39,9,11
358,2633,66,39,9,11
359,2635,66,39,9,11
360,2635,66,39,9,11
361,2635,66,39,9,11
362,2636,66,39,9,11
363,2637,66,39,9,11
364,2637,66,39,9,11
365,2638,66,39,9,11
366,2640,66,39,9,11
367,2641,67,39,9,11
368,2641,67,39,9,11
369,2641,67,39,9,11
370,2642,67,39,9,11
371,2642,67,39,9,11
372,2642,67,39,9,11
373,2642,67,39,9,11
374,2642,67,39,9,11
375,2642,67,39,9,11
376,2643,67,39,9,11
377,2644,67,39,9,11
378,2648,67,39,9,11
379,2650,67,39,9,11
380,2652,68,39,9,11
381,2652,68,39,9,11
382,2652,68,39,9,11
383,2652,68,39,9,11
384,2652,68,39,9,11
385,2652,68,39,9,11
386,2652,68,39,9,11
387,2653,68,39,9,11
388,2654,68,39,9,11
389,2657,68,39,9,11
390,2660,68,39,9,11
391,2660,68,39,9,11
392,2660,68,39,9,11
393,2660,68,39,9,11
394,2660,68,39,9,11
395,2662,69,39,9,11
396,2663,70,39,9,11
397,2663,70,39,9,11
398,2663,70,39,9,11
399,2664,71,39,9,11
400,2664,71,39,9,11
401,2666,71,39,9,11
402,2668,71,39,9,11
403,2672,71,39,9,11
404,2675,71,39,9,11
405,2677,71,39,9,11
406,2678,71,39,9,11
407,2678,71,39,9,11
408,2680,71,39,9,11
409,2681,72,39,9,11
410,2681,72,39,9,11
411,2682,72,39,9,11
412,2684,73,39,9,11
413,2684,73,39,9,11
414,2684,73,39,9,11
415,2684,73,39,9,11
416,2686,73,39,9,11
417,2687,73,39,9,11
418,2688,74,39,9,11
419,2688,74,39,9,11
420,2688,74,39,9,11
421,2690,74,39,9,11
422,2691,74,39,9,11
423,2693,74,39,9,11
424,2694,74,39,9,11
425,2696,74,39,9,11
426,2696,74,39,9,11
427,2696,74,39,9,11
428,2696,74,39,9,11
429,2696,74,39,9,11
430,2696,74,39,9,11
431,2696,74,39,9,11
432,2696,74,39,9,11
433,2696,74,39,9,11
434,2697,74,39,9,11
435,2698,74,39,9,11
436,2698,74,39,9,11
437,2698,74,39,9,11
438,2699,74,39,9,11
439,2699,74,39,9,11
440,2699,74,39,9,11
441,2699,74,39,9,11
442,2699,74,39,9,11
443,2699,74,39,9,11
444,2699,74,39,9,11
445,2699,74,39,9,11
446,2699,74,39,9,11
447,2700,74,39,9,11
448,2701,74,39,9,11
449,2701,74,39,9,11
450,2701,74,39,9,11
451,2701,74,39,9,11
452,2701,74,39,9,11
453,2701,74,39,9,11
454,2704,74,39,9,11
455,2705,74,39,9,11
456,2706,74,39,9,11
457,2706,74,39,9,11
458,2706,74,39,9,11
459,2706,74,39,9,11
460,2706,74,39,9,11
461,2706,74,39,9,11
462,2706,74,39,9,11
463,2706,74,39,9,11
464,2707,74,39,9,11
465,2707,74,39,9,11
466,2707,74,39,9,11
467,2707,74,39,9,11
468,2707,74,39,9,11
469,2707,74,39,9,11
470,2707,74,39,9,11
471,2707,74,39,9,11
472,2707,74,39,9,11
473,2708,74,39,9,11
474,2710,74,39,9,11
475,2711,75,39,9,11
476,2712,75,39,9,11
477,2714,75,39,9,11
478,2716,75,39,9,11
479,2720,75,39,9,11
480,2723,76,39,9,11
481,2724,77,39,9,11
482,2726,77,39,9,11
483,2726,77,39,9,11
484,2729,77,39,9,11
485,2730,77,39,9,11
486,2732,77,39,9,11
487,2732,77,39,9,11
488,2734,77,39,9,11
489,2735,77,39,9,11
490,2735,77,39,9,11
491,2735,77,39,9,11
492,2735,77,39,9,11
493,2735,77,39,9,11
494,2735,77,39,9,11
495,2735,77,39,9,11
496,2735,77,39,9,11
497,2735,77,39,9,11
498,2735,77,39,9,11
499,2735,77,39,9,11
