update,prey_seen,prey_consumed,predator_vision,predator_vision_height,predator_vision_width,attack_efficiency
0,0,0,0,0,0,0
1,2,0,51,9,13,0
2,9,0,51,9,13,0
3,12,0,51,9,13,0
4,23,0,51,9,13,0
5,31,0,51,9,13,0
6,34,0,51,9,13,0
7,34,0,51,9,13,0
8,37,1,51,9,13,1
9,39,1,51,9,13,1
10,43,1,51,9,13,1
11,48,2,51,9,13,1
12,51,2,51,9,13,1
13,55,2,51,9,13,1
14,59,3,51,9,13,1
15,62,4,51,9,13,1
16,64,4,51,9,13,1
17,64,4,51,9,13,1
18,66,4,51,9,13,1
19,75,4,51,9,13,1
20,85,4,51,9,13,1
21,94,5,51,9,13,1
22,96,5,51,9,13,1
23,101,6,51,9,13,1
24,109,6,51,9,13,1
25,112,6,51,9,13,1
26,114,6,51,9,13,1
27,115,6,51,9,13,1
28,118,6,51,9,13,1
29,122,6,51,9,13,1
30,123,6,51,9,13,1
31,129,6,51,9,13,1
32,142,6,51,9,13,1
33,152,6,51,9,13,1
34,169,7,51,9,13,1
35,173,7,51,9,13,1
36,178,7,51,9,13,1
37,187,8,51,9,13,1
38,190,8,51,9,13,1
39,192,8,51,9,13,1
40,198,9,51,9,13,1
41,201,9,51,9,13,1
42,204,10,51,9,13,1
43,207,10,51,9,13,1
44,217,11,51,9,13,1
45,221,11,51,9,13,1
46,223,11,51,9,13,1
47,223,11,51,9,13,1
48,223,11,51,9,13,1
49,225,11,51,9,13,1
50,228,11,51,9,13,1
51,241,11,51,9,13,1
52,254,11,51,9,13,1
53,259,12,51,9,13,1
54,263,12,51,9,13,1
55,268,12,51,9,13,1
56,270,12,51,9,13,1
57,275,14,51,9,13,1
58,282,14,51,9,13,1
59,290,15,51,9,13,1
60,292,15,51,9,13,1
61,298,15,51,9,13,1
62,301,15,51,9,13,1
63,303,15,51,9,13,1
64,307,15,51,9,13,1
65,310,15,51,9,13,1
66,312,15,51,9,13,1
67,322,15,51,9,13,1
68,327,15,51,9,13,1
69,330,15,51,9,13,1
70,333,15,51,9,13,1
71,335,16,51,9,13,1
72,338,16,51,9,13,1
73,340,16,51,9,13,1
74,342,16,51,9,13,1
75,343,16,51,9,13,1
76,346,17,51,9,13,1
77,348,17,51,9,13,1
78,354,17,51,9,13,1
79,357,17,51,9,13,1
80,366,17,51,9,13,1
81,371,18,51,9,13,1
82,373,18,51,9,13,1
83,377,18,51,9,13,1
84,384,18,51,9,13,1
85,388,18,51,9,13,1
86,395,18,51,9,13,1
87,398,18,51,9,13,1
88,402,18,51,9,13,1
89,404,18,51,9,13,1
90,410,18,51,9,13,1
91,413,18,51,9,13,1
92,416,18,51,9,13,1
93,421,18,51,9,13,1
94,423,18,51,9,13,1
95,426,19,51,9,13,1
96,427,19,51,9,13,1
97,428,19,51,9,13,1
98,430,19,51,9,13,1
99,433,20,51,9,13,1
100,437,20,51,9,13,1
101,440,20,51,9,13,1
102,446,20,51,9,13,1
103,448,20,51,9,13,1
104,450,20,51,9,13,1
105,453,20,51,9,13,1
106,456,20,51,9,13,1
107,459,20,51,9,13,1
108,469,21,51,9,13,1
109,477,21,51,9,13,1
110,482,22,51,9,13,1
111,486,22,51,9,13,1
112,489,22,51,9,13,1
113,494,22,51,9,13,1
114,503,23,51,9,13,1
115,508,23,51,9,13,1
116,511,24,51,9,13,1
117,513,24,51,9,13,1
118,519,24,51,9,13,1
119,521,25,51,9,13,1
120,525,25,51,9,13,1
121,526,25,51,9,13,1
122,530,25,51,9,13,1
123,532,25,51,9,13,1
124,534,25,51,9,13,1
125,541,25,51,9,13,1
126,544,25,51,9,13,1
127,548,25,51,9,13,1
128,550,25,51,9,13,1
129,552,25,51,9,13,1
130,556,25,51,9,13,1
131,558,25,51,9,13,1
132,567,25,51,9,13,1
133,576,25,51,9,13,1
134,583,25,51,9,13,1
135,591,25,51,9,13,1
136,594,25,51,9,13,1
137,595,25,51,9,13,1
138,597,25,51,9,13,1
139,601,25,51,9,13,1
140,602,25,51,9,13,1
141,602,25,51,9,13,1
142,606,25,51,9,13,1
143,608,26,51,9,13,1
144,612,26,51,9,13,1
145,614,26,51,9,13,1
146,618,26,51,9,13,1
147,624,27,51,9,13,1
148,626,27,51,9,13,1
149,628,27,51,9,13,1
150,634,28,51,9,13,1
151,640,29,51,9,13,1
152,643,29,51,9,13,1
153,647,29,51,9,13,1
154,650,29,51,9,13,1
155,654,29,51,9,13,1
156,661,29,51,9,13,1
157,665,29,51,9,13,1
158,683,30,51,9,13,1
159,691,30,51,9,13,1
160,692,30,51,9,13,1
161,694,31,51,9,13,1
162,700,31,51,9,13,1
163,701,32,51,9,13,1
164,701,32,51,9,13,1
165,702,32,51,9,13,1
166,707,33,51,9,13,1
167,709,33,51,9,13,1
168,712,33,51,9,13,1
169,712,33,51,9,13,1
170,713,33,51,9,13,1
171,716,33,51,9,13,1
172,717,33,51,9,13,1
173,718,33,51,9,13,1
174,720,34,51,9,13,1
175,720,34,51,9,13,1
176,720,34,51,9,13,1
177,722,34,51,9,13,1
178,725,35,51,9,13,1
179,726,35,51,9,13,1
180,729,36,51,9,13,1
181,730,36,51,9,13,1
182,731,37,51,9,13,1
183,731,37,51,9,13,1
184,735,37,51,9,13,1
185,737,37,51,9,13,1
186,741,37,51,9,13,1
187,746,38,51,9,13,1
188,753,39,51,9,13,1
189,754,39,51,9,13,1
190,755,39,51,9,13,1
191,759,39,51,9,13,1
192,769,40,51,9,13,1
193,774,40,51,9,13,1
194,777,41,51,9,13,1
195,779,41,51,9,13,1
196,780,41,51,9,13,1
197,782,41,51,9,13,1
198,784,41,51,9,13,1
199,788,41,51,9,13,1
200,791,41,51,9,13,1
201,795,42,51,9,13,1
202,795,42,51,9,13,1
203,795,42,51,9,13,1
204,797,43,51,9,13,1
205,800,43,51,9,13,1
206,802,43,51,9,13,1
207,804,43,51,9,13,1
208,811,43,51,9,13,1
209,814,43,51,9,13,1
210,815,43,51,9,13,1
211,817,43,51,9,13,1
212,818,43,51,9,13,1
213,818,43,51,9,13,1
214,819,43,51,9,13,1
215,820,43,51,9,13,1
216,823,44,51,9,13,1
217,826,44,51,9,13,1
218,831,44,51,9,13,1
219,834,45,51,9,13,1
220,835,45,51,9,13,1
221,837,45,51,9,13,1
222,844,46,51,9,13,1
223,847,46,51,9,13,1
224,849,46,51,9,13,1
225,856,46,51,9,13,1
226,862,47,51,9,13,1
227,865,47,51,9,13,1
228,870,47,51,9,13,1
229,873,48,51,9,13,1
230,874,48,51,9,13,1
231,875,48,51,9,13,1
232,879,48,51,9,13,1
233,881,48,51,9,13,1
234,885,48,51,9,13,1
235,887,48,51,9,13,1
236,893,48,51,9,13,1
237,895,48,51,9,13,1
238,896,48,51,9,13,1
239,897,48,51,9,13,1
240,898,48,51,9,13,1
241,899,48,51,9,13,1
242,900,48,51,9,13,1
243,902,48,51,9,13,1
244,905,48,51,9,13,1
245,907,48,51,9,13,1
246,912,48,51,9,13,1
247,918,49,51,9,13,1
248,919,50,51,9,13,1
249,919,50,51,9,13,1
250,923,51,51,9,13,1
251,927,52,51,9,13,1
252,935,52,51,9,13,1
253,940,52,51,9,13,1
254,946,52,51,9,13,1
255,946,52,51,9,13,1
256,946,52,51,9,13,1
257,948,52,51,9,13,1
258,951,53,51,9,13,1
259,959,54,51,9,13,1
260,962,54,51,9,13,1
261,969,54,51,9,13,1
262,972,54,51,9,13,1
263,974,54,51,9,13,1
264,976,55,51,9,13,1
265,976,55,51,9,13,1
266,976,55,51,9,13,1
267,977,55,51,9,13,1
268,978,55,51,9,13,1
269,980,55,51,9,13,1
270,984,55,51,9,13,1
271,986,55,51,9,13,1
272,989,55,51,9,13,1
273,991,55,51,9,13,1
274,993,55,51,9,13,1
275,996,55,51,9,13,1
276,999,55,51,9,13,1
277,1001,55,51,9,13,1
278,1003,55,51,9,13,1
279,1006,55,51,9,13,1
280,1012,55,51,9,13,1
281,1014,55,51,9,13,1
282,1017,55,51,9,13,1
283,1021,55,51,9,13,1
284,1022,55,51,9,13,1
285,1023,55,51,9,13,1
286,1025,55,51,9,13,1
287,1028,55,51,9,13,1
288,1029,55,51,9,13,1
289,1029,55,51,9,13,1
290,1030,55,51,9,13,1
291,1031,56,51,9,13,1
292,1031,56,51,9,13,1
293,1031,56,51,9,13,1
294,1032,56,51,9,13,1
295,1033,56,51,9,13,1
296,1033,56,51,9,13,1
297,1033,56,51,9,13,1
298,1033,56,51,9,13,1
299,1034,56,51,9,13,1
300,1036,57,51,9,13,1
301,1037,57,51,9,13,1
302,1040,57,51,9,13,1
303,1043,58,51,9,13,1
304,1048,58,51,9,13,1
305,1055,59,51,9,13,1
306,1057,60,51,9,13,1
307,1059,60,51,9,13,1
308,1060,60,51,9,13,1
309,1060,60,51,9,13,1
310,1061,60,51,9,13,1
311,1064,60,51,9,13,1
312,1067,60,51,9,13,1
313,1068,60,51,9,13,1
314,1068,60,51,9,13,1
315,1068,60,51,9,13,1
316,1068,60,51,9,13,1
317,1068,60,51,9,13,1
318,1068,60,51,9,13,1
319,1068,60,51,9,13,1
320,1069,60,51,9,13,1
321,1074,60,51,9,13,1
322,1083,60,51,9,13,1
323,1089,60,51,9,13,1
324,1095,60,51,9,13,1
325,1098,60,51,9,13,1
326,1099,60,51,9,13,1
327,1099,60,51,9,13,1
328,1099,60,51,9,13,1
329,1100,60,51,9,13,1
330,1101,61,51,9,13,1
331,1102,61,51,9,13,1
332,1104,61,51,9,13,1
333,1105,61,51,9,13,1
334,1105,61,51,9,13,1
335,1105,61,51,9,13,1
336,1105,61,51,9,13,1
337,1105,61,51,9,13,1
338,1105,61,51,9,13,1
339,1106,61,51,9,13,1
340,1109,61,51,9,13,1
341,1110,61,51,9,13,1
342,1110,61,51,9,13,1
343,1110,61,51,9,13,1
344,1112,61,51,9,13,1
345,1114,62,51,9,13,1
346,1119,62,51,9,13,1
347,1124,62,51,9,13,1
348,1129,62,51,9,13,1
349,1132,63,51,9,13,1
350,1133,63,51,9,13,1
351,1134,64,51,9,13,1
352,1134,64,51,9,13,1
353,1134,64,51,9,13,1
354,1138,65,51,9,13,1
355,1138,65,51,9,13,1
356,1138,65,51,9,13,1
357,1139,65,51,9,13,1
358,1140,65,51,9,13,1
359,1141,65,51,9,13,1
360,1145,65,51,9,13,1
361,1147,65,51,9,13,1
362,1149,65,51,9,13,1
363,1151,65,51,9,13,1
364,1153,66,51,9,13,1
365,1155,67,51,9,13,1
366,1157,67,51,9,13,1
367,1158,67,51,9,13,1
368,1159,67,51,9,13,1
369,1163,67,51,9,13,1
370,1166,67,51,9,13,1
371,1176,68,51,9,13,1
372,1176,68,51,9,13,1
373,1178,68,51,9,13,1
374,1182,69,51,9,13,1
375,1186,70,51,9,13,1
376,1188,71,51,9,13,1
377,1190,71,51,9,13,1
378,1192,71,51,9,13,1
379,1194,71,51,9,13,1
380,1196,71,51,9,13,1
381,1197,71,51,9,13,1
382,1200,71,51,9,13,1
383,1202,71,51,9,13,1
384,1207,71,51,9,13,1
385,1211,71,51,9,13,1
386,1211,71,51,9,13,1
387,1212,71,51,9,13,1
388,1212,71,51,9,13,1
389,1213,71,51,9,13,1
390,1215,71,51,9,13,1
391,1217,71,51,9,13,1
392,1221,71,51,9,13,1
393,1221,71,51,9,13,1
394,1222,72,51,9,13,1
395,1222,72,51,9,13,1
396,1222,72,51,9,13,1
397,1222,72,51,9,13,1
398,1223,72,51,9,13,1
399,1226,72,51,9,13,1
400,1229,72,51,9,13,1
401,1230,72,51,9,13,1
402,1231,73,51,9,13,1
403,1231,73,51,9,13,1
404,1232,73,51,9,13,1
405,1233,73,51,9,13,1
406,1233,73,51,9,13,1
407,1234,73,51,9,13,1
408,1236,73,51,9,13,1
409,1238,74,51,9,13,1
410,1239,74,51,9,13,1
411,1241,74,51,9,13,1
412,1242,75,51,9,13,1
413,1243,75,51,9,13,1
414,1243,75,51,9,13,1
415,1243,75,51,9,13,1
416,1243,75,51,9,13,1
417,1245,75,51,9,13,1
418,1248,75,51,9,13,1
419,1250,75,51,9,13,1
420,1252,75,51,9,13,1
421,1255,75,51,9,13,1
422,1256,75,51,9,13,1
423,1258,75,51,9,13,1
424,1259,75,51,9,13,1
425,1263,75,51,9,13,1
426,1265,75,51,9,13,1
427,1265,75,51,9,13,1
428,1265,75,51,9,13,1
429,1266,76,51,9,13,1
430,1270,76,51,9,13,1
431,1271,76,51,9,13,1
432,1271,76,51,9,13,1
433,1273,76,51,9,13,1
434,1275,76,51,9,13,1
435,1276,76,51,9,13,1
436,1277,76,51,9,13,1
437,1278,76,51,9,13,1
438,1278,76,51,9,13,1
439,1278,76,51,9,13,1
440,1279,76,51,9,13,1
441,1281,77,51,9,13,1
442,1281,77,51,9,13,1
443,1282,77,51,9,13,1
444,1283,77,51,9,13,1
445,1284,77,51,9,13,1
446,1284,77,51,9,13,1
447,1284,77,51,9,13,1
448,1285,78,51,9,13,1
449,1285,78,51,9,13,1
450,1285,78,51,9,13,1
451,1285,78,51,9,13,1
452,1285,78,51,9,13,1
453,1285,78,51,9,13,1
454,1285,78,51,9,13,1
455,1285,78,51,9,13,1
456,1285,78,51,9,13,1
457,1285,78,51,9,13,1
458,1287,78,51,9,13,1
459,1289,79,51,9,13,1
460,1291,79,51,9,13,1
461,1293,79,51,9,13,1
462,1298,79,51,9,13,1
463,1301,79,51,9,13,1
464,1301,79,51,9,13,1
465,1303,79,51,9,13,1
466,1304,79,51,9,13,1
467,1307,80,51,9,13,1
468,1307,80,51,9,13,1
469,1309,81,51,9,13,1
470,1309,81,51,9,13,1
471,1309,81,51,9,13,1
472,1309,81,51,9,13,1
473,1309,81,51,9,13,1
474,1309,81,51,9,13,1
475,1309,81,51,9,13,1
476,1309,81,51,9,13,1
477,1309,81,51,9,13,1
478,1309,81,51,9,13,1
479,1309,81,51,9,13,1
480,1309,81,51,9,13,1
481,1310,81,51,9,13,1
482,1312,81,51,9,13,1
483,1312,81,51,9,13,1
484,1312,81,51,9,13,1
485,1312,81,51,9,13,1
486,1313,81,51,9,13,1
487,1313,81,51,9,13,1
488,1313,81,51,9,13,1
489,1315,82,51,9,13,1
490,1317,82,51,9,13,1
491,1317,82,51,9,13,1
492,1319,82,51,9,13,1
493,1320,83,51,9,13,1
494,1320,83,51,9,13,1
495,1320,83,51,9,13,1
496,1320,83,51,9,13,1
497,1320,83,51,9,13,1
498,1320,83,51,9,13,1
499,1320,83,51,9,13,1
500,1321,83,51,9,13,1
501,1321,83,51,9,13,1
502,1322,83,51,9,13,1
503,1324,83,51,9,13,1
504,1325,83,51,9,13,1
505,1326,83,51,9,13,1
506,1327,83,51,9,13,1
507,1327,83,51,9,13,1
508,1327,83,51,9,13,1
509,1329,83,51,9,13,1
510,1329,83,51,9,13,1
511,1329,83,51,9,13,1
512,1329,83,51,9,13,1
513,1329,83,51,9,13,1
514,1330,83,51,9,13,1
515,1331,84,51,9,13,1
516,1331,84,51,9,13,1
517,1331,84,51,9,13,1
518,1332,84,51,9,13,1
519,1334,84,51,9,13,1
520,1335,85,51,9,13,1
521,1336,85,51,9,13,1
522,1338,86,51,9,13,1
523,1338,86,51,9,13,1
524,1338,86,51,9,13,1
525,1338,86,51,9,13,1
526,1338,86,51,9,13,1
527,1338,86,51,9,13,1
528,1338,86,51,9,13,1
529,1338,86,51,9,13,1
530,1338,86,51,9,13,1
531,1338,86,51,9,13,1
532,1338,86,51,9,13,1
533,1338,86,51,9,13,1
534,1338,86,51,9,13,1
535,1338,86,51,9,13,1
536,1340,86,51,9,13,1
537,1340,86,51,9,13,1
538,1341,86,51,9,13,1
539,1341,86,51,9,13,1
540,1341,86,51,9,13,1
541,1343,86,51,9,13,1
542,1343,86,51,9,13,1
543,1344,86,51,9,13,1
544,1345,87,51,9,13,1
545,1345,87,51,9,13,1
546,1345,87,51,9,13,1
547,1345,87,51,9,13,1
548,1345,87,51,9,13,1
549,1345,87,51,9,13,1
550,1345,87,51,9,13,1
551,1345,87,51,9,13,1
552,1345,87,51,9,13,1
553,1345,87,51,9,13,1
554,1346,87,51,9,13,1
555,1347,87,51,9,13,1
556,1348,88,51,9,13,1
557,1348,88,51,9,13,1
558,1348,88,51,9,13,1
559,1348,88,51,9,13,1
560,1348,88,51,9,13,1
561,1348,88,51,9,13,1
562,1348,88,51,9,13,1
563,1348,88,51,9,13,1
564,1348,88,51,9,13,1
565,1348,88,51,9,13,1
566,1348,88,51,9,13,1
567,1348,88,51,9,13,1
568,1348,88,51,9,13,1
569,1348,88,51,9,13,1
570,1348,88,51,9,13,1
571,1348,88,51,9,13,1
572,1348,88,51,9,13,1
573,1348,88,51,9,13,1
574,1348,88,51,9,13,1
575,1348,88,51,9,13,1
576,1348,88,51,9,13,1
577,1348,88,51,9,13,1
578,1348,88,51,9,13,1
579,1348,88,51,9,13,1
580,1348,88,51,9,13,1
581,1348,88,51,9,13,1
582,1348,88,51,9,13,1
583,1348,88,51,9,13,1
584,1348,88,51,9,13,1
585,1348,88,51,9,13,1
586,1348,88,51,9,13,1
587,1348,88,51,9,13,1
588,1348,88,51,9,13,1
589,1348,88,51,9,13,1
590,1348,88,51,9,13,1
591,1348,88,51,9,13,1
592,1348,88,51,9,13,1
593,1348,88,51,9,13,1
594,1348,88,51,9,13,1
595,1348,88,51,9,13,1
596,1349,88,51,9,13,1
597,1351,88,51,9,13,1
598,1351,88,51,9,13,1
599,1351,88,51,9,13,1
600,1351,88,51,9,13,1
601,1351,88,51,9,13,1
602,1351,88,51,9,13,1
603,1351,88,51,9,13,1
604,1351,88,51,9,13,1
605,1351,88,51,9,13,1
606,1351,88,51,9,13,1
607,1351,88,51,9,13,1
608,1351,88,51,9,13,1
609,1351,88,51,9,13,1
610,1351,88,51,9,13,1
611,1351,88,51,9,13,1
612,1351,88,51,9,13,1
613,1351,88,51,9,13,1
614,1351,88,51,9,13,1
615,1351,88,51,9,13,1
616,1351,88,51,9,13,1
617,1351,88,51,9,13,1
618,1351,88,51,9,13,1
619,1351,88,51,9,13,1
620,1351,88,51,9,13,1
621,1351,88,51,9,13,1
622,1351,88,51,9,13,1
623,1351,88,51,9,13,1
624,1351,88,51,9,13,1
625,1352,89,51,9,13,1
626,1352,89,51,9,13,1
627,1352,89,51,9,13,1
628,1352,89,51,9,13,1
629,1353,89,51,9,13,1
630,1353,89,51,9,13,1
631,1353,89,51,9,13,1
632,1353,89,51,9,13,1
633,1353,89,51,9,13,1
634,1353,89,51,9,13,1
635,1353,89,51,9,13,1
636,1353,89,51,9,13,1
637,1353,89,51,9,13,1
638,1353,89,51,9,13,1
639,1353,89,51,9,13,1
640,1353,89,51,9,13,1
641,1353,89,51,9,13,1
642,1353,89,51,9,13,1
643,1353,89,51,9,13,1
644,1353,89,51,9,13,1
645,1353,89,51,9,13,1
646,1353,89,51,9,13,1
647,1353,89,51,9,13,1
648,1353,89,51,9,13,1
649,1353,89,51,9,13,1
650,1353,89,51,9,13,1
651,1353,89,51,9,13,1
652,1353,89,51,9,13,1
653,1353,89,51,9,13,1
654,1353,89,51,9,13,1
655,1353,89,51,9,13,1
656,1353,89,51,9,13,1
657,1353,89,51,9,13,1
658,1353,89,51,9,13,1
659,1353,89,51,9,13,1
660,1353,89,51,9,13,1
661,1353,89,51,9,13,1
662,1353,89,51,9,13,1
663,1353,89,51,9,13,1
664,1353,89,51,9,13,1
665,1353,89,51,9,13,1
666,1353,89,51,9,13,1
667,1353,89,51,9,13,1
668,1353,89,51,9,13,1
669,1353,89,51,9,13,1
670,1353,89,51,9,13,1
671,1353,89,51,9,13,1
672,1353,89,51,9,13,1
673,1353,89,51,9,13,1
674,1353,89,51,9,13,1
675,1353,89,51,9,13,1
676,1353,89,51,9,13,1
677,1353,89,51,9,13,1
678,1353,89,51,9,13,1
679,1353,89,51,9,13,1
680,1353,89,51,9,13,1
681,1353,89,51,9,13,1
682,1353,89,51,9,13,1
683,1353,89,51,9,13,1
684,1353,89,51,9,13,1
685,1353,89,51,9,13,1
686,1353,89,51,9,13,1
687,1353,89,51,9,13,1
688,1354,89,51,9,13,1
689,1354,89,51,9,13,1
690,1354,89,51,9,13,1
691,1354,89,51,9,13,1
692,1355,89,51,9,13,1
693,1357,89,51,9,13,1
694,1360,89,51,9,13,1
695,1360,89,51,9,13,1
696,1360,89,51,9,13,1
697,1360,89,51,9,13,1
698,1360,89,51,9,13,1
699,1360,89,51,9,13,1
700,1360,89,51,9,13,1
701,1360,89,51,9,13,1
702,1360,89,51,9,13,1
703,1360,89,51,9,13,1
704,1360,89,51,9,13,1
705,1360,89,51,9,13,1
706,1360,89,51,9,13,1
707,1360,89,51,9,13,1
708,1360,89,51,9,13,1
709,1360,89,51,9,13,1
710,1360,89,51,9,13,1
711,1360,89,51,9,13,1
712,1360,89,51,9,13,1
713,1360,89,51,9,13,1
714,1360,89,51,9,13,1
715,1360,89,51,9,13,1
716,1360,89,51,9,13,1
717,1360,89,51,9,13,1
718,1360,89,51,9,13,1
719,1360,89,51,9,13,1
720,1360,89,51,9,13,1
721,1360,89,51,9,13,1
722,1360,89,51,9,13,1
723,1360,89,51,9,13,1
724,1360,89,51,9,13,1
725,1360,89,51,9,13,1
726,1360,89,51,9,13,1
727,1360,89,51,9,13,1
728,1360,89,51,9,13,1
729,1360,89,51,9,13,1
730,1360,89,51,9,13,1
731,1360,89,51,9,13,1
732,1360,89,51,9,13,1
733,1360,89,51,9,13,1
734,1360,89,51,9,13,1
735,1360,89,51,9,13,1
736,1360,89,51,9,13,1
737,1360,89,51,9,13,1
738,1360,89,51,9,13,1
739,1360,89,51,9,13,1
740,1360,89,51,9,13,1
741,1360,89,51,9,13,1
742,1360,89,51,9,13,1
743,1360,89,51,9,13,1
744,1360,89,51,9,13,1
745,1360,89,51,9,13,1
746,1360,89,51,9,13,1
747,1360,89,51,9,13,1
748,1360,89,51,9,13,1
749,1360,89,51,9,13,1
750,1360,89,51,9,13,1
751,1360,89,51,9,13,1
752,1360,89,51,9,13,1
753,1360,89,51,9,13,1
754,1360,89,51,9,13,1
755,1360,89,51,9,13,1
756,1360,89,51,9,13,1
757,1360,89,51,9,13,1
758,1360,89,51,9,13,1
759,1360,89,51,9,13,1
760,1360,89,51,9,13,1
761,1360,89,51,9,13,1
762,1360,89,51,9,13,1
763,1360,89,51,9,13,1
764,1360,89,51,9,13,1
765,1360,89,51,9,13,1
766,1360,89,51,9,13,1
767,1360,89,51,9,13,1
768,1360,89,51,9,13,1
769,1360,89,51,9,13,1
770,1360,89,51,9,13,1
771,1360,89,51,9,13,1
772,1360,89,51,9,13,1
773,1360,89,51,9,13,1
774,1360,89,51,9,13,1
775,1360,89,51,9,13,1
776,1360,89,51,9,13,1
777,1360,89,51,9,13,1
778,1360,89,51,9,13,1
779,1360,89,51,9,13,1
780,1360,89,51,9,13,1
781,1360,89,51,9,13,1
782,1360,89,51,9,13,1
783,1360,89,51,9,13,1
784,1360,89,51,9,13,1
785,1360,89,51,9,13,1
786,1360,89,51,9,13,1
787,1360,89,51,9,13,1
788,1360,89,51,9,13,1
789,1360,89,51,9,13,1
790,1360,89,51,9,13,1
791,1360,89,51,9,13,1
792,1360,89,51,9,13,1
793,1360,89,51,9,13,1
794,1360,89,51,9,13,1
795,1360,89,51,9,13,1
796,1360,89,51,9,13,1
797,1360,89,51,9,13,1
798,1360,89,51,9,13,1
799,1360,89,51,9,13,1
800,1360,89,51,9,13,1
801,1360,89,51,9,13,1
802,1360,89,51,9,13,1
803,1360,89,51,9,13,1
804,1360,89,51,9,13,1
805,1360,89,51,9,13,1
806,1360,89,51,9,13,1
807,1360,89,51,9,13,1
808,1360,89,51,9,13,1
809,1360,89,51,9,13,1
810,1360,89,51,9,13,1
811,1360,89,51,9,13,1
812,1360,89,51,9,13,1
813,1360,89,51,9,13,1
814,1360,89,51,9,13,1
815,1360,89,51,9,13,1
816,1360,89,51,9,13,1
817,1361,89,51,9,13,1
818,1361,89,51,9,13,1
819,1361,89,51,9,13,1
820,1361,89,51,9,13,1
821,1361,89,51,9,13,1
822,1362,89,51,9,13,1
823,1362,89,51,9,13,1
824,1363,89,51,9,13,1
825,1364,89,51,9,13,1
826,1367,89,51,9,13,1
827,1368,89,51,9,13,1
828,1369,89,51,9,13,1
829,1372,89,51,9,13,1
830,1373,89,51,9,13,1
831,1373,89,51,9,13,1
832,1373,89,51,9,13,1
833,1373,89,51,9,13,1
834,1373,89,51,9,13,1
835,1373,89,51,9,13,1
836,1373,89,51,9,13,1
837,1373,89,51,9,13,1
838,1373,89,51,9,13,1
839,1373,89,51,9,13,1
840,1373,89,51,9,13,1
841,1373,89,51,9,13,1
842,1373,89,51,9,13,1
843,1373,89,51,9,13,1
844,1373,89,51,9,13,1
845,1373,89,51,9,13,1
846,1373,89,51,9,13,1
847,1373,89,51,9,13,1
848,1373,89,51,9,13,1
849,1373,89,51,9,13,1
850,1373,89,51,9,13,1
851,1373,89,51,9,13,1
852,1373,89,51,9,13,1
853,1373,89,51,9,13,1
854,1373,89,51,9,13,1
855,1373,89,51,9,13,1
856,1373,89,51,9,13,1
857,1373,89,51,9,13,1
858,1373,89,51,9,13,1
859,1373,89,51,9,13,1
860,1373,89,51,9,13,1
861,1373,89,51,9,13,1
862,1373,89,51,9,13,1
863,1373,89,51,9,13,1
864,1373,89,51,9,13,1
865,1373,89,51,9,13,1
866,1373,89,51,9,13,1
867,1373,89,51,9,13,1
868,1373,89,51,9,13,1
869,1373,89,51,9,13,1
870,1373,89,51,9,13,1
871,1373,89,51,9,13,1
872,1373,89,51,9,13,1
873,1373,89,51,9,13,1
874,1373,89,51,9,13,1
875,1373,89,51,9,13,1
876,1373,89,51,9,13,1
877,1373,89,51,9,13,1
878,1373,89,51,9,13,1
879,1373,89,51,9,13,1
880,1373,89,51,9,13,1
881,1373,89,51,9,13,1
882,1373,89,51,9,13,1
883,1373,89,51,9,13,1
884,1373,89,51,9,13,1
885,1373,89,51,9,13,1
886,1373,89,51,9,13,1
887,1373,89,51,9,13,1
888,1373,89,51,9,13,1
889,1373,89,51,9,13,1
890,1373,89,51,9,13,1
891,1373,89,51,9,13,1
892,1373,89,51,9,13,1
893,1373,89,51,9,13,1
894,1373,89,51,9,13,1
895,1373,89,51,9,13,1
896,1373,89,51,9,13,1
897,1373,89,51,9,13,1
898,1373,89,51,9,13,1
899,1373,89,51,9,13,1
900,1373,89,51,9,13,1
901,1373,89,51,9,13,1
902,1373,89,51,9,13,1
903,1373,89,51,9,13,1
904,1373,89,51,9,13,1
905,1373,89,51,9,13,1
906,1373,89,51,9,13,1
907,1373,89,51,9,13,1
908,1373,89,51,9,13,1
909,1373,89,51,9,13,1
910,1373,89,51,9,13,1
911,1373,89,51,9,13,1
912,1373,89,51,9,13,1
913,1373,89,51,9,13,1
914,1373,89,51,9,13,1
915,1373,89,51,9,13,1
916,1373,89,51,9,13,1
917,1373,89,51,9,13,1
918,1373,89,51,9,13,1
919,1373,89,51,9,13,1
920,1373,89,51,9,13,1
921,1373,89,51,9,13,1
922,1373,89,51,9,13,1
923,1373,89,51,9,13,1
924,1373,89,51,9,13,1
925,1373,89,51,9,13,1
926,1373,89,51,9,13,1
927,1373,89,51,9,13,1
928,1373,89,51,9,13,1
929,1373,89,51,9,13,1
930,1373,89,51,9,13,1
931,1373,89,51,9,13,1
932,1373,89,51,9,13,1
933,1373,89,51,9,13,1
934,1373,89,51,9,13,1
935,1373,89,51,9,13,1
936,1373,89,51,9,13,1
937,1373,89,51,9,13,1
938,1373,89,51,9,13,1
939,1373,89,51,9,13,1
940,1373,89,51,9,13,1
941,1373,89,51,9,13,1
942,1373,89,51,9,13,1
943,1373,89,51,9,13,1
944,1373,89,51,9,13,1
945,1373,89,51,9,13,1
946,1373,89,51,9,13,1
947,1373,89,51,9,13,1
948,1373,89,51,9,13,1
949,1373,89,51,9,13,1
950,1373,89,51,9,13,1
951,1373,89,51,9,13,1
952,1373,89,51,9,13,1
953,1373,89,51,9,13,1
954,1373,89,51,9,13,1
955,1374,89,51,9,13,1
956,1374,89,51,9,13,1
957,1374,89,51,9,13,1
958,1374,89,51,9,13,1
959,1374,89,51,9,13,1
960,1374,89,51,9,13,1
961,1374,89,51,9,13,1
962,1374,89,51,9,13,1
963,1374,89,51,9,13,1
964,1374,89,51,9,13,1
965,1374,89,51,9,13,1
966,1374,89,51,9,13,1
967,1374,89,51,9,13,1
968,1374,89,51,9,13,1
969,1374,89,51,9,13,1
970,1374,89,51,9,13,1
971,1374,89,51,9,13,1
972,1374,89,51,9,13,1
973,1374,89,51,9,13,1
974,1374,89,51,9,13,1
975,1374,89,51,9,13,1
976,1374,89,51,9,13,1
977,1374,89,51,9,13,1
978,1374,89,51,9,13,1
979,1374,89,51,9,13,1
980,1374,89,51,9,13,1
981,1374,89,51,9,13,1
982,1374,89,51,9,13,1
983,1374,89,51,9,13,1
984,1374,89,51,9,13,1
985,1374,89,51,9,13,1
986,1374,89,51,9,13,1
987,1374,89,51,9,13,1
988,1374,89,51,9,13,1
989,1374,89,51,9,13,1
990,1374,89,51,9,13,1
991,1374,89,51,9,13,1
992,1374,89,51,9,13,1
993,1374,89,51,9,13,1
994,1374,89,51,9,13,1
995,1374,89,51,9,13,1
996,1374,89,51,9,13,1
997,1374,89,51,9,13,1
998,1374,89,51,9,13,1
999,1374,89,51,9,13,1
1000,1374,89,51,9,13,1
1001,1374,89,51,9,13,1
1002,1374,89,51,9,13,1
1003,1374,89,51,9,13,1
1004,1374,89,51,9,13,1
1005,1374,89,51,9,13,1
1006,1374,89,51,9,13,1
1007,1374,89,51,9,13,1
1008,1374,89,51,9,13,1
1009,1374,89,51,9,13,1
1010,1374,89,51,9,13,1
1011,1374,89,51,9,13,1
1012,1374,89,51,9,13,1
1013,1374,89,51,9,13,1
1014,1374,89,51,9,13,1
1015,1374,89,51,9,13,1
1016,1374,89,51,9,13,1
1017,1374,89,51,9,13,1
1018,1374,89,51,9,13,1
1019,1374,89,51,9,13,1
1020,1374,89,51,9,13,1
1021,1374,89,51,9,13,1
1022,1374,89,51,9,13,1
1023,1374,89,51,9,13,1
1024,1374,89,51,9,13,1
1025,1374,89,51,9,13,1
1026,1374,89,51,9,13,1
1027,1374,89,51,9,13,1
1028,1374,89,51,9,13,1
1029,1374,89,51,9,13,1
1030,1374,89,51,9,13,1
1031,1374,89,51,9,13,1
1032,1374,89,51,9,13,1
1033,1374,89,51,9,13,1
1034,1374,89,51,9,13,1
1035,1374,89,51,9,13,1
1036,1374,89,51,9,13,1
1037,1374,89,51,9,13,1
1038,1374,89,51,9,13,1
1039,1374,89,51,9,13,1
1040,1374,89,51,9,13,1
1041,1374,89,51,9,13,1
1042,1374,89,51,9,13,1
1043,1374,89,51,9,13,1
1044,1374,89,51,9,13,1
1045,1374,89,51,9,13,1
1046,1374,89,51,9,13,1
1047,1374,89,51,9,13,1
1048,1374,89,51,9,13,1
1049,1374,89,51,9,13,1
1050,1374,89,51,9,13,1
1051,1374,89,51,9,13,1
1052,1374,89,51,9,13,1
1053,1374,89,51,9,13,1
1054,1374,89,51,9,13,1
1055,1374,89,51,9,13,1
1056,1374,89,51,9,13,1
1057,1374,89,51,9,13,1
1058,1374,89,51,9,13,1
1059,1374,89,51,9,13,1
1060,1374,89,51,9,13,1
1061,1374,89,51,9,13,1
1062,1374,89,51,9,13,1
1063,1374,89,51,9,13,1
1064,1374,89,51,9,13,1
1065,1374,89,51,9,13,1
1066,1374,89,51,9,13,1
1067,1374,89,51,9,13,1
1068,1374,89,51,9,13,1
1069,1374,89,51,9,13,1
1070,1374,89,51,9,13,1
1071,1374,89,51,9,13,1
1072,1374,89,51,9,13,1
1073,1374,89,51,9,13,1
1074,1374,89,51,9,13,1
1075,1374,89,51,9,13,1
1076,1375,89,51,9,13,1
1077,1375,89,51,9,13,1
1078,1375,89,51,9,13,1
1079,1375,89,51,9,13,1
1080,1375,89,51,9,13,1
1081,1375,89,51,9,13,1
1082,1375,89,51,9,13,1
1083,1375,89,51,9,13,1
1084,1375,89,51,9,13,1
1085,1375,89,51,9,13,1
1086,1375,89,51,9,13,1
1087,1375,89,51,9,13,1
1088,1375,89,51,9,13,1
1089,1375,89,51,9,13,1
1090,1375,89,51,9,13,1
1091,1376,89,51,9,13,1
1092,1377,89,51,9,13,1
1093,1379,89,51,9,13,1
1094,1382,89,51,9,13,1
1095,1382,89,51,9,13,1
1096,1382,89,51,9,13,1
1097,1382,89,51,9,13,1
1098,1382,89,51,9,13,1
1099,1382,89,51,9,13,1
1100,1382,89,51,9,13,1
1101,1382,89,51,9,13,1
1102,1382,89,51,9,13,1
1103,1382,89,51,9,13,1
1104,1382,89,51,9,13,1
1105,1382,89,51,9,13,1
1106,1382,89,51,9,13,1
1107,1382,89,51,9,13,1
1108,1382,89,51,9,13,1
1109,1382,89,51,9,13,1
1110,1382,89,51,9,13,1
1111,1382,89,51,9,13,1
1112,1382,89,51,9,13,1
1113,1382,89,51,9,13,1
1114,1382,89,51,9,13,1
1115,1382,89,51,9,13,1
1116,1382,89,51,9,13,1
1117,1382,89,51,9,13,1
1118,1382,89,51,9,13,1
1119,1382,89,51,9,13,1
1120,1382,89,51,9,13,1
1121,1382,89,51,9,13,1
1122,1382,89,51,9,13,1
1123,1382,89,51,9,13,1
1124,1382,89,51,9,13,1
1125,1382,89,51,9,13,1
1126,1382,89,51,9,13,1
1127,1382,89,51,9,13,1
1128,1382,89,51,9,13,1
1129,1382,89,51,9,13,1
1130,1382,89,51,9,13,1
1131,1382,89,51,9,13,1
1132,1382,89,51,9,13,1
1133,1382,89,51,9,13,1
1134,1382,89,51,9,13,1
1135,1382,89,51,9,13,1
1136,1382,89,51,9,13,1
1137,1382,89,51,9,13,1
1138,1382,89,51,9,13,1
1139,1382,89,51,9,13,1
1140,1382,89,51,9,13,1
1141,1382,89,51,9,13,1
1142,1382,89,51,9,13,1
1143,1382,89,51,9,13,1
1144,1382,89,51,9,13,1
1145,1382,89,51,9,13,1
1146,1382,89,51,9,13,1
1147,1382,89,51,9,13,1
1148,1382,89,51,9,13,1
1149,1382,89,51,9,13,1
1150,1382,89,51,9,13,1
1151,1382,89,51,9,13,1
1152,1382,89,51,9,13,1
1153,1382,89,51,9,13,1
1154,1382,89,51,9,13,1
1155,1382,89,51,9,13,1
1156,1382,89,51,9,13,1
1157,1382,89,51,9,13,1
1158,1382,89,51,9,13,1
1159,1382,89,51,9,13,1
1160,1382,89,51,9,13,1
1161,1382,89,51,9,13,1
1162,1383,89,51,9,13,1
1163,1386,89,51,9,13,1
1164,1390,90,51,9,13,1
1165,1392,90,51,9,13,1
1166,1394,90,51,9,13,1
1167,1394,90,51,9,13,1
1168,1394,90,51,9,13,1
1169,1394,90,51,9,13,1
1170,1394,90,51,9,13,1
1171,1394,90,51,9,13,1
1172,1394,90,51,9,13,1
1173,1394,90,51,9,13,1
1174,1395,90,51,9,13,1
1175,1397,90,51,9,13,1
1176,1398,90,51,9,13,1
1177,1399,90,51,9,13,1
1178,1399,90,51,9,13,1
1179,1399,90,51,9,13,1
1180,1399,90,51,9,13,1
1181,1399,90,51,9,13,1
1182,1399,90,51,9,13,1
1183,1399,90,51,9,13,1
1184,1399,90,51,9,13,1
1185,1399,90,51,9,13,1
1186,1399,90,51,9,13,1
1187,1399,90,51,9,13,1
1188,1399,90,51,9,13,1
1189,1399,90,51,9,13,1
1190,1399,90,51,9,13,1
1191,1399,90,51,9,13,1
1192,1399,90,51,9,13,1
1193,1399,90,51,9,13,1
1194,1399,90,51,9,13,1
1195,1399,90,51,9,13,1
1196,1399,90,51,9,13,1
1197,1399,90,51,9,13,1
1198,1399,90,51,9,13,1
1199,1399,90,51,9,13,1
1200,1399,90,51,9,13,1
1201,1399,90,51,9,13,1
1202,1399,90,51,9,13,1
1203,1399,90,51,9,13,1
1204,1399,90,51,9,13,1
1205,1399,90,51,9,13,1
1206,1399,90,51,9,13,1
1207,1399,90,51,9,13,1
1208,1399,90,51,9,13,1
1209,1399,90,51,9,13,1
1210,1399,90,51,9,13,1
1211,1399,90,51,9,13,1
1212,1399,90,51,9,13,1
1213,1399,90,51,9,13,1
1214,1399,90,51,9,13,1
1215,1399,90,51,9,13,1
1216,1399,90,51,9,13,1
1217,1399,90,51,9,13,1
1218,1399,90,51,9,13,1
1219,1399,90,51,9,13,1
1220,1399,90,51,9,13,1
1221,1399,90,51,9,13,1
1222,1399,90,51,9,13,1
1223,1399,90,51,9,13,1
1224,1399,90,51,9,13,1
1225,1399,90,51,9,13,1
1226,1399,90,51,9,13,1
1227,1399,90,51,9,13,1
1228,1399,90,51,9,13,1
1229,1399,90,51,9,13,1
1230,1399,90,51,9,13,1
1231,1399,90,51,9,13,1
1232,1399,90,51,9,13,1
1233,1399,90,51,9,13,1
1234,1399,90,51,9,13,1
1235,1399,90,51,9,13,1
1236,1399,90,51,9,13,1
1237,1399,90,51,9,13,1
1238,1399,90,51,9,13,1
1239,1399,90,51,9,13,1
1240,1399,90,51,9,13,1
1241,1399,90,51,9,13,1
1242,1399,90,51,9,13,1
1243,1399,90,51,9,13,1
1244,1399,90,51,9,13,1
1245,1399,90,51,9,13,1
1246,1399,90,51,9,13,1
1247,1399,90,51,9,13,1
1248,1399,90,51,9,13,1
1249,1399,90,51,9,13,1
1250,1399,90,51,9,13,1
1251,1399,90,51,9,13,1
1252,1399,90,51,9,13,1
1253,1399,90,51,9,13,1
1254,1399,90,51,9,13,1
1255,1399,90,51,9,13,1
1256,1399,90,51,9,13,1
1257,1399,90,51,9,13,1
1258,1399,90,51,9,13,1
1259,1399,90,51,9,13,1
1260,1399,90,51,9,13,1
1261,1399,90,51,9,13,1
1262,1399,90,51,9,13,1
1263,1399,90,51,9,13,1
1264,1399,90,51,9,13,1
1265,1399,90,51,9,13,1
1266,1399,90,51,9,13,1
1267,1399,90,51,9,13,1
1268,1399,90,51,9,13,1
1269,1400,90,51,9,13,1
1270,1400,90,51,9,13,1
1271,1400,90,51,9,13,1
1272,1400,90,51,9,13,1
1273,1400,90,51,9,13,1
1274,1400,90,51,9,13,1
1275,1400,90,51,9,13,1
1276,1400,90,51,9,13,1
1277,1400,90,51,9,13,1
1278,1400,90,51,9,13,1
1279,1400,90,51,9,13,1
1280,1400,90,51,9,13,1
1281,1400,90,51,9,13,1
1282,1400,90,51,9,13,1
1283,1400,90,51,9,13,1
1284,1400,90,51,9,13,1
1285,1400,90,51,9,13,1
1286,1400,90,51,9,13,1
1287,1400,90,51,9,13,1
1288,1400,90,51,9,13,1
1289,1400,90,51,9,13,1
1290,1400,90,51,9,13,1
1291,1400,90,51,9,13,1
1292,1400,90,51,9,13,1
1293,1400,90,51,9,13,1
1294,1400,90,51,9,13,1
1295,1400,90,51,9,13,1
1296,1400,90,51,9,13,1
1297,1400,90,51,9,13,1
1298,1400,90,51,9,13,1
1299,1400,90,51,9,13,1
1300,1400,90,51,9,13,1
1301,1400,90,51,9,13,1
1302,1400,90,51,9,13,1
1303,1400,90,51,9,13,1
1304,1400,90,51,9,13,1
1305,1400,90,51,9,13,1
1306,1400,90,51,9,13,1
1307,1400,90,51,9,13,1
1308,1400,90,51,9,13,1
1309,1400,90,51,9,13,1
1310,1400,90,51,9,13,1
1311,1400,90,51,9,13,1
1312,1400,90,51,9,13,1
1313,1400,90,51,9,13,1
1314,1400,90,51,9,13,1
1315,1400,90,51,9,13,1
1316,1400,90,51,9,13,1
1317,1400,90,51,9,13,1
1318,1400,90,51,9,13,1
1319,1400,90,51,9,13,1
1320,1400,90,51,9,13,1
1321,1400,90,51,9,13,1
1322,1400,90,51,9,13,1
1323,1400,90,51,9,13,1
1324,1400,90,51,9,13,1
1325,1402,90,51,9,13,1
1326,1403,90,51,9,13,1
1327,1403,90,51,9,13,1
1328,1403,90,51,9,13,1
1329,1403,90,51,9,13,1
1330,1403,90,51,9,13,1
1331,1403,90,51,9,13,1
1332,1403,90,51,9,13,1
1333,1403,90,51,9,13,1
1334,1403,90,51,9,13,1
1335,1403,90,51,9,13,1
1336,1403,90,51,9,13,1
1337,1403,90,51,9,13,1
1338,1403,90,51,9,13,1
1339,1403,90,51,9,13,1
1340,1403,90,51,9,13,1
1341,1403,90,51,9,13,1
1342,1403,90,51,9,13,1
1343,1403,90,51,9,13,1
1344,1403,90,51,9,13,1
1345,1403,90,51,9,13,1
1346,1403,90,51,9,13,1
1347,1403,90,51,9,13,1
1348,1403,90,51,9,13,1
1349,1403,90,51,9,13,1
1350,1403,90,51,9,13,1
1351,1403,90,51,9,13,1
1352,1403,90,51,9,13,1
1353,1403,90,51,9,13,1
1354,1403,90,51,9,13,1
1355,1403,90,51,9,13,1
1356,1403,90,51,9,13,1
1357,1403,90,51,9,13,1
1358,1403,90,51,9,13,1
1359,1403,90,51,9,13,1
1360,1403,90,51,9,13,1
1361,1403,90,51,9,13,1
1362,1403,90,51,9,13,1
1363,1403,90,51,9,13,1
1364,1403,90,51,9,13,1
1365,1403,90,51,9,13,1
1366,1403,90,51,9,13,1
1367,1403,90,51,9,13,1
1368,1403,90,51,9,13,1
1369,1403,90,51,9,13,1
1370,1403,90,51,9,13,1
1371,1403,90,51,9,13,1
1372,1403,90,51,9,13,1
1373,1403,90,51,9,13,1
1374,1403,90,51,9,13,1
1375,1403,90,51,9,13,1
1376,1403,90,51,9,13,1
1377,1403,90,51,9,13,1
1378,1403,90,51,9,13,1
1379,1403,90,51,9,13,1
1380,1403,90,51,9,13,1
1381,1403,90,51,9,13,1
1382,1403,90,51,9,13,1
1383,1403,90,51,9,13,1
1384,1403,90,51,9,13,1
1385,1403,90,51,9,13,1
1386,1403,90,51,9,13,1
1387,1403,90,51,9,13,1
1388,1403,90,51,9,13,1
1389,1403,90,51,9,13,1
1390,1403,90,51,9,13,1
1391,1403,90,51,9,13,1
1392,1403,90,51,9,13,1
1393,1403,90,51,9,13,1
1394,1403,90,51,9,13,1
1395,1403,90,51,9,13,1
1396,1403,90,51,9,13,1
1397,1403,90,51,9,13,1
1398,1403,90,51,9,13,1
1399,1403,90,51,9,13,1
1400,1403,90,51,9,13,1
1401,1403,90,51,9,13,1
1402,1403,90,51,9,13,1
1403,1403,90,51,9,13,1
1404,1403,90,51,9,13,1
1405,1403,90,51,9,13,1
1406,1403,90,51,9,13,1
1407,1403,90,51,9,13,1
1408,1403,90,51,9,13,1
1409,1403,90,51,9,13,1
1410,1403,90,51,9,13,1
1411,1403,90,51,9,13,1
1412,1403,90,51,9,13,1
1413,1403,90,51,9,13,1
1414,1403,90,51,9,13,1
1415,1403,90,51,9,13,1
1416,1403,90,51,9,13,1
1417,1403,90,51,9,13,1
1418,1403,90,51,9,13,1
1419,1403,90,51,9,13,1
1420,1403,90,51,9,13,1
1421,1403,90,51,9,13,1
1422,1403,90,51,9,13,1
1423,1403,90,51,9,13,1
1424,1403,90,51,9,13,1
1425,1403,90,51,9,13,1
1426,1403,90,51,9,13,1
1427,1403,90,51,9,13,1
1428,1403,90,51,9,13,1
1429,1403,90,51,9,13,1
1430,1403,90,51,9,13,1
1431,1403,90,51,9,13,1
1432,1403,90,51,9,13,1
1433,1403,90,51,9,13,1
1434,1403,90,51,9,13,1
1435,1403,90,51,9,13,1
1436,1403,90,51,9,13,1
1437,1403,90,51,9,13,1
1438,1403,90,51,9,13,1
1439,1404,90,51,9,13,1
1440,1404,90,51,9,13,1
1441,1404,90,51,9,13,1
1442,1404,90,51,9,13,1
1443,1404,90,51,9,13,1
1444,1404,90,51,9,13,1
1445,1404,90,51,9,13,1
1446,1404,90,51,9,13,1
1447,1404,90,51,9,13,1
1448,1404,90,51,9,13,1
1449,1404,90,51,9,13,1
1450,1404,90,51,9,13,1
1451,1404,90,51,9,13,1
1452,1404,90,51,9,13,1
1453,1404,90,51,9,13,1
1454,1404,90,51,9,13,1
1455,1404,90,51,9,13,1
1456,1404,90,51,9,13,1
1457,1404,90,51,9,13,1
1458,1405,90,51,9,13,1
1459,1406,91,51,9,13,1
1460,1406,91,51,9,13,1
1461,1407,91,51,9,13,1
1462,1408,91,51,9,13,1
1463,1408,91,51,9,13,1
1464,1408,91,51,9,13,1
1465,1408,91,51,9,13,1
1466,1408,91,51,9,13,1
1467,1408,91,51,9,13,1
1468,1408,91,51,9,13,1
1469,1408,91,51,9,13,1
1470,1409,91,51,9,13,1
1471,1410,91,51,9,13,1
1472,1410,91,51,9,13,1
1473,1410,91,51,9,13,1
1474,1410,91,51,9,13,1
1475,1410,91,51,9,13,1
1476,1410,91,51,9,13,1
1477,1410,91,51,9,13,1
1478,1410,91,51,9,13,1
1479,1410,91,51,9,13,1
1480,1410,91,51,9,13,1
1481,1410,91,51,9,13,1
1482,1410,91,51,9,13,1
1483,1410,91,51,9,13,1
1484,1410,91,51,9,13,1
1485,1410,91,51,9,13,1
1486,1410,91,51,9,13,1
1487,1410,91,51,9,13,1
1488,1410,91,51,9,13,1
1489,1410,91,51,9,13,1
1490,1410,91,51,9,13,1
1491,1410,91,51,9,13,1
1492,1410,91,51,9,13,1
1493,1410,91,51,9,13,1
1494,1410,91,51,9,13,1
1495,1410,91,51,9,13,1
1496,1410,91,51,9,13,1
1497,1410,91,51,9,13,1
1498,1410,91,51,9,13,1
1499,1410,91,51,9,13,1
1500,1410,91,51,9,13,1
1501,1410,91,51,9,13,1
1502,1410,91,51,9,13,1
1503,1410,91,51,9,13,1
1504,1410,91,51,9,13,1
1505,1410,91,51,9,13,1
1506,1410,91,51,9,13,1
1507,1410,91,51,9,13,1
1508,1410,91,51,9,13,1
1509,1410,91,51,9,13,1
1510,1410,91,51,9,13,1
1511,1410,91,51,9,13,1
1512,1410,91,51,9,13,1
1513,1410,91,51,9,13,1
1514,1411,91,51,9,13,1
1515,1412,91,51,9,13,1
1516,1412,91,51,9,13,1
1517,1412,91,51,9,13,1
1518,1413,91,51,9,13,1
1519,1414,91,51,9,13,1
1520,1414,91,51,9,13,1
1521,1414,91,51,9,13,1
1522,1414,91,51,9,13,1
1523,1414,91,51,9,13,1
1524,1414,91,51,9,13,1
1525,1414,91,51,9,13,1
1526,1414,91,51,9,13,1
1527,1414,91,51,9,13,1
1528,1414,91,51,9,13,1
1529,1414,91,51,9,13,1
1530,1414,91,51,9,13,1
1531,1414,91,51,9,13,1
1532,1414,91,51,9,13,1
1533,1414,91,51,9,13,1
1534,1414,91,51,9,13,1
1535,1414,91,51,9,13,1
1536,1414,91,51,9,13,1
1537,1414,91,51,9,13,1
1538,1415,91,51,9,13,1
1539,1415,91,51,9,13,1
1540,1415,91,51,9,13,1
1541,1415,91,51,9,13,1
1542,1415,91,51,9,13,1
1543,1415,91,51,9,13,1
1544,1415,91,51,9,13,1
1545,1415,91,51,9,13,1
1546,1415,91,51,9,13,1
1547,1415,91,51,9,13,1
1548,1415,91,51,9,13,1
1549,1415,91,51,9,13,1
1550,1415,91,51,9,13,1
1551,1415,91,51,9,13,1
1552,1415,91,51,9,13,1
1553,1415,91,51,9,13,1
1554,1415,91,51,9,13,1
1555,1415,91,51,9,13,1
1556,1415,91,51,9,13,1
1557,1415,91,51,9,13,1
1558,1415,91,51,9,13,1
1559,1416,91,51,9,13,1
1560,1416,91,51,9,13,1
1561,1416,91,51,9,13,1
1562,1416,91,51,9,13,1
1563,1416,91,51,9,13,1
1564,1416,91,51,9,13,1
1565,1416,91,51,9,13,1
1566,1416,91,51,9,13,1
1567,1416,91,51,9,13,1
1568,1418,92,51,9,13,1
1569,1418,92,51,9,13,1
1570,1418,92,51,9,13,1
1571,1418,92,51,9,13,1
1572,1418,92,51,9,13,1
1573,1418,92,51,9,13,1
1574,1418,92,51,9,13,1
1575,1418,92,51,9,13,1
1576,1418,92,51,9,13,1
1577,1419,92,51,9,13,1
1578,1420,92,51,9,13,1
1579,1420,92,51,9,13,1
1580,1420,92,51,9,13,1
1581,1420,92,51,9,13,1
1582,1421,92,51,9,13,1
1583,1422,92,51,9,13,1
1584,1423,93,51,9,13,1
1585,1423,93,51,9,13,1
1586,1423,93,51,9,13,1
1587,1423,93,51,9,13,1
1588,1423,93,51,9,13,1
1589,1423,93,51,9,13,1
1590,1423,93,51,9,13,1
1591,1423,93,51,9,13,1
1592,1423,93,51,9,13,1
1593,1423,93,51,9,13,1
1594,1423,93,51,9,13,1
1595,1423,93,51,9,13,1
1596,1423,93,51,9,13,1
1597,1423,93,51,9,13,1
1598,1423,93,51,9,13,1
1599,1423,93,51,9,13,1
1600,1423,93,51,9,13,1
1601,1425,93,51,9,13,1
1602,1426,93,51,9,13,1
1603,1426,93,51,9,13,1
1604,1426,93,51,9,13,1
1605,1426,93,51,9,13,1
1606,1426,93,51,9,13,1
1607,1426,93,51,9,13,1
1608,1426,93,51,9,13,1
1609,1426,93,51,9,13,1
1610,1426,93,51,9,13,1
1611,1426,93,51,9,13,1
1612,1426,93,51,9,13,1
1613,1426,93,51,9,13,1
1614,1426,93,51,9,13,1
1615,1426,93,51,9,13,1
1616,1426,93,51,9,13,1
1617,1426,93,51,9,13,1
1618,1426,93,51,9,13,1
1619,1426,93,51,9,13,1
1620,1426,93,51,9,13,1
1621,1426,93,51,9,13,1
1622,1426,93,51,9,13,1
1623,1426,93,51,9,13,1
1624,1426,93,51,9,13,1
1625,1426,93,51,9,13,1
1626,1426,93,51,9,13,1
1627,1426,93,51,9,13,1
1628,1426,93,51,9,13,1
1629,1426,93,51,9,13,1
1630,1426,93,51,9,13,1
1631,1426,93,51,9,13,1
1632,1426,93,51,9,13,1
1633,1426,93,51,9,13,1
1634,1426,93,51,9,13,1
1635,1426,93,51,9,13,1
1636,1426,93,51,9,13,1
1637,1426,93,51,9,13,1
1638,1426,93,51,9,13,1
1639,1426,93,51,9,13,1
1640,1426,93,51,9,13,1
1641,1426,93,51,9,13,1
1642,1426,93,51,9,13,1
1643,1426,93,51,9,13,1
1644,1426,93,51,9,13,1
1645,1426,93,51,9,13,1
1646,1426,93,51,9,13,1
1647,1426,93,51,9,13,1
1648,1426,93,51,9,13,1
1649,1426,93,51,9,13,1
1650,1426,93,51,9,13,1
1651,1426,93,51,9,13,1
1652,1426,93,51,9,13,1
1653,1426,93,51,9,13,1
1654,1426,93,51,9,13,1
1655,1426,93,51,9,13,1
1656,1426,93,51,9,13,1
1657,1426,93,51,9,13,1
1658,1426,93,51,9,13,1
1659,1426,93,51,9,13,1
1660,1426,93,51,9,13,1
1661,1426,93,51,9,13,1
1662,1426,93,51,9,13,1
1663,1426,93,51,9,13,1
1664,1426,93,51,9,13,1
1665,1426,93,51,9,13,1
1666,1426,93,51,9,13,1
1667,1426,93,51,9,13,1
1668,1426,93,51,9,13,1
1669,1426,93,51,9,13,1
1670,1426,93,51,9,13,1
1671,1426,93,51,9,13,1
1672,1426,93,51,9,13,1
1673,1426,93,51,9,13,1
1674,1426,93,51,9,13,1
1675,1428,93,51,9,13,1
1676,1429,94,51,9,13,1
1677,1429,94,51,9,13,1
1678,1429,94,51,9,13,1
1679,1429,94,51,9,13,1
1680,1429,94,51,9,13,1
1681,1429,94,51,9,13,1
1682,1429,94,51,9,13,1
1683,1429,94,51,9,13,1
1684,1429,94,51,9,13,1
1685,1429,94,51,9,13,1
1686,1429,94,51,9,13,1
1687,1429,94,51,9,13,1
1688,1429,94,51,9,13,1
1689,1429,94,51,9,13,1
1690,1429,94,51,9,13,1
1691,1429,94,51,9,13,1
1692,1429,94,51,9,13,1
1693,1429,94,51,9,13,1
1694,1429,94,51,9,13,1
1695,1429,94,51,9,13,1
1696,1429,94,51,9,13,1
1697,1429,94,51,9,13,1
1698,1429,94,51,9,13,1
1699,1429,94,51,9,13,1
1700,1429,94,51,9,13,1
1701,1429,94,51,9,13,1
1702,1429,94,51,9,13,1
1703,1429,94,51,9,13,1
1704,1429,94,51,9,13,1
1705,1429,94,51,9,13,1
1706,1429,94,51,9,13,1
1707,1429,94,51,9,13,1
1708,1429,94,51,9,13,1
1709,1429,94,51,9,13,1
1710,1429,94,51,9,13,1
1711,1429,94,51,9,13,1
1712,1429,94,51,9,13,1
1713,1429,94,51,9,13,1
1714,1429,94,51,9,13,1
1715,1429,94,51,9,13,1
1716,1429,94,51,9,13,1
1717,1429,94,51,9,13,1
1718,1429,94,51,9,13,1
1719,1429,94,51,9,13,1
1720,1429,94,51,9,13,1
1721,1429,94,51,9,13,1
1722,1429,94,51,9,13,1
1723,1429,94,51,9,13,1
1724,1429,94,51,9,13,1
1725,1429,94,51,9,13,1
1726,1429,94,51,9,13,1
1727,1429,94,51,9,13,1
1728,1429,94,51,9,13,1
1729,1429,94,51,9,13,1
1730,1429,94,51,9,13,1
1731,1429,94,51,9,13,1
1732,1429,94,51,9,13,1
1733,1429,94,51,9,13,1
1734,1429,94,51,9,13,1
1735,1429,94,51,9,13,1
1736,1429,94,51,9,13,1
1737,1429,94,51,9,13,1
1738,1429,94,51,9,13,1
1739,1429,94,51,9,13,1
1740,1429,94,51,9,13,1
1741,1429,94,51,9,13,1
1742,1429,94,51,9,13,1
1743,1429,94,51,9,13,1
1744,1429,94,51,9,13,1
1745,1429,94,51,9,13,1
1746,1429,94,51,9,13,1
1747,1429,94,51,9,13,1
1748,1429,94,51,9,13,1
1749,1429,94,51,9,13,1
1750,1429,94,51,9,13,1
1751,1429,94,51,9,13,1
1752,1429,94,51,9,13,1
1753,1429,94,51,9,13,1
1754,1429,94,51,9,13,1
1755,1429,94,51,9,13,1
1756,1429,94,51,9,13,1
1757,1429,94,51,9,13,1
1758,1429,94,51,9,13,1
1759,1429,94,51,9,13,1
1760,1429,94,51,9,13,1
1761,1429,94,51,9,13,1
1762,1429,94,51,9,13,1
1763,1429,94,51,9,13,1
1764,1429,94,51,9,13,1
1765,1429,94,51,9,13,1
1766,1429,94,51,9,13,1
1767,1429,94,51,9,13,1
1768,1429,94,51,9,13,1
1769,1429,94,51,9,13,1
1770,1429,94,51,9,13,1
1771,1429,94,51,9,13,1
1772,1429,94,51,9,13,1
1773,1429,94,51,9,13,1
1774,1429,94,51,9,13,1
1775,1429,94,51,9,13,1
1776,1429,94,51,9,13,1
1777,1429,94,51,9,13,1
1778,1429,94,51,9,13,1
1779,1429,94,51,9,13,1
1780,1429,94,51,9,13,1
1781,1429,94,51,9,13,1
1782,1429,94,51,9,13,1
1783,1429,94,51,9,13,1
1784,1429,94,51,9,13,1
1785,1429,94,51,9,13,1
1786,1429,94,51,9,13,1
1787,1429,94,51,9,13,1
1788,1429,94,51,9,13,1
1789,1429,94,51,9,13,1
1790,1429,94,51,9,13,1
1791,1429,94,51,9,13,1
1792,1429,94,51,9,13,1
1793,1429,94,51,9,13,1
1794,1429,94,51,9,13,1
1795,1429,94,51,9,13,1
1796,1429,94,51,9,13,1
1797,1429,94,51,9,13,1
1798,1429,94,51,9,13,1
1799,1429,94,51,9,13,1
1800,1429,94,51,9,13,1
1801,1429,94,51,9,13,1
1802,1429,94,51,9,13,1
1803,1429,94,51,9,13,1
1804,1429,94,51,9,13,1
1805,1429,94,51,9,13,1
1806,1429,94,51,9,13,1
1807,1429,94,51,9,13,1
1808,1429,94,51,9,13,1
1809,1429,94,51,9,13,1
1810,1429,94,51,9,13,1
1811,1429,94,51,9,13,1
1812,1429,94,51,9,13,1
1813,1429,94,51,9,13,1
1814,1429,94,51,9,13,1
1815,1429,94,51,9,13,1
1816,1429,94,51,9,13,1
1817,1429,94,51,9,13,1
1818,1429,94,51,9,13,1
1819,1429,94,51,9,13,1
1820,1429,94,51,9,13,1
1821,1429,94,51,9,13,1
1822,1429,94,51,9,13,1
1823,1429,94,51,9,13,1
1824,1429,94,51,9,13,1
1825,1429,94,51,9,13,1
1826,1429,94,51,9,13,1
1827,1429,94,51,9,13,1
1828,1429,94,51,9,13,1
1829,1429,94,51,9,13,1
1830,1429,94,51,9,13,1
1831,1429,94,51,9,13,1
1832,1429,94,51,9,13,1
1833,1429,94,51,9,13,1
1834,1429,94,51,9,13,1
1835,1429,94,51,9,13,1
1836,1429,94,51,9,13,1
1837,1429,94,51,9,13,1
1838,1429,94,51,9,13,1
1839,1429,94,51,9,13,1
1840,1429,94,51,9,13,1
1841,1429,94,51,9,13,1
1842,1429,94,51,9,13,1
1843,1429,94,51,9,13,1
1844,1429,94,51,9,13,1
1845,1429,94,51,9,13,1
1846,1429,94,51,9,13,1
1847,1429,94,51,9,13,1
1848,1429,94,51,9,13,1
1849,1429,94,51,9,13,1
1850,1429,94,51,9,13,1
1851,1429,94,51,9,13,1
1852,1429,94,51,9,13,1
1853,1429,94,51,9,13,1
1854,1429,94,51,9,13,1
1855,1429,94,51,9,13,1
1856,1429,94,51,9,13,1
1857,1429,94,51,9,13,1
1858,1429,94,51,9,13,1
1859,1429,94,51,9,13,1
1860,1429,94,51,9,13,1
1861,1429,94,51,9,13,1
1862,1429,94,51,9,13,1
1863,1429,94,51,9,13,1
1864,1429,94,51,9,13,1
1865,1429,94,51,9,13,1
1866,1429,94,51,9,13,1
1867,1429,94,51,9,13,1
1868,1429,94,51,9,13,1
1869,1429,94,51,9,13,1
1870,1429,94,51,9,13,1
1871,1429,94,51,9,13,1
1872,1429,94,51,9,13,1
1873,1429,94,51,9,13,1
1874,1429,94,51,9,13,1
1875,1429,94,51,9,13,1
1876,1429,94,51,9,13,1
1877,1429,94,51,9,13,1
1878,1429,94,51,9,13,1
1879,1429,94,51,9,13,1
1880,1429,94,51,9,13,1
1881,1429,94,51,9,13,1
1882,1429,94,51,9,13,1
1883,1429,94,51,9,13,1
1884,1429,94,51,9,13,1
1885,1429,94,51,9,13,1
1886,1429,94,51,9,13,1
1887,1429,94,51,9,13,1
1888,1429,94,51,9,13,1
1889,1429,94,51,9,13,1
1890,1429,94,51,9,13,1
1891,1429,94,51,9,13,1
1892,1429,94,51,9,13,1
1893,1429,94,51,9,13,1
1894,1429,94,51,9,13,1
1895,1429,94,51,9,13,1
1896,1429,94,51,9,13,1
1897,1429,94,51,9,13,1
1898,1429,94,51,9,13,1
1899,1429,94,51,9,13,1
1900,1429,94,51,9,13,1
1901,1429,94,51,9,13,1
1902,1429,94,51,9,13,1
1903,1429,94,51,9,13,1
1904,1429,94,51,9,13,1
1905,1429,94,51,9,13,1
1906,1429,94,51,9,13,1
1907,1429,94,51,9,13,1
1908,1429,94,51,9,13,1
1909,1429,94,51,9,13,1
1910,1429,94,51,9,13,1
1911,1429,94,51,9,13,1
1912,1429,94,51,9,13,1
1913,1429,94,51,9,13,1
1914,1429,94,51,9,13,1
1915,1429,94,51,9,13,1
1916,1429,94,51,9,13,1
1917,1429,94,51,9,13,1
1918,1429,94,51,9,13,1
1919,1429,94,51,9,13,1
1920,1429,94,51,9,13,1
1921,1429,94,51,9,13,1
1922,1429,94,51,9,13,1
1923,1429,94,51,9,13,1
1924,1429,94,51,9,13,1
1925,1429,94,51,9,13,1
1926,1429,94,51,9,13,1
1927,1429,94,51,9,13,1
1928,1429,94,51,9,13,1
1929,1429,94,51,9,13,1
1930,1429,94,51,9,13,1
1931,1429,94,51,9,13,1
1932,1429,94,51,9,13,1
1933,1429,94,51,9,13,1
1934,1429,94,51,9,13,1
1935,1429,94,51,9,13,1
1936,1429,94,51,9,13,1
1937,1429,94,51,9,13,1
1938,1429,94,51,9,13,1
1939,1429,94,51,9,13,1
1940,1429,94,51,9,13,1
1941,1429,94,51,9,13,1
1942,1429,94,51,9,13,1
1943,1429,94,51,9,13,1
1944,1429,94,51,9,13,1
1945,1429,94,51,9,13,1
1946,1429,94,51,9,13,1
1947,1429,94,51,9,13,1
1948,1429,94,51,9,13,1
1949,1429,94,51,9,13,1
1950,1429,94,51,9,13,1
1951,1429,94,51,9,13,1
1952,1429,94,51,9,13,1
1953,1429,94,51,9,13,1
1954,1429,94,51,9,13,1
1955,1429,94,51,9,13,1
1956,1429,94,51,9,13,1
1957,1429,94,51,9,13,1
1958,1429,94,51,9,13,1
1959,1429,94,51,9,13,1
1960,1429,94,51,9,13,1
1961,1429,94,51,9,13,1
1962,1429,94,51,9,13,1
1963,1429,94,51,9,13,1
1964,1429,94,51,9,13,1
1965,1429,94,51,9,13,1
1966,1429,94,51,9,13,1
1967,1429,94,51,9,13,1
1968,1429,94,51,9,13,1
1969,1429,94,51,9,13,1
1970,1429,94,51,9,13,1
1971,1429,94,51,9,13,1
1972,1429,94,51,9,13,1
1973,1429,94,51,9,13,1
1974,1429,94,51,9,13,1
1975,1429,94,51,9,13,1
1976,1429,94,51,9,13,1
1977,1429,94,51,9,13,1
1978,1429,94,51,9,13,1
1979,1429,94,51,9,13,1
1980,1429,94,51,9,13,1
1981,1429,94,51,9,13,1
1982,1429,94,51,9,13,1
1983,1429,94,51,9,13,1
1984,1429,94,51,9,13,1
1985,1429,94,51,9,13,1
1986,1429,94,51,9,13,1
1987,1429,94,51,9,13,1
1988,1429,94,51,9,13,1
1989,1429,94,51,9,13,1
1990,1429,94,51,9,13,1
1991,1429,94,51,9,13,1
1992,1429,94,51,9,13,1
1993,1429,94,51,9,13,1
1994,1429,94,51,9,13,1
1995,1429,94,51,9,13,1
1996,1429,94,51,9,13,1
1997,1429,94,51,9,13,1
1998,1429,94,51,9,13,1
1999,1429,94,51,9,13,1
