update,prey_seen,prey_consumed,predator_vision,predator_vision_height,predator_vision_width
0,0,0,0,0,0
1,6,1,63,3,23
2,13,1,63,3,23
3,17,1,63,3,23
4,31,2,63,3,23
5,37,2,63,3,23
6,41,2,63,3,23
7,54,3,63,3,23
8,68,4,63,3,23
9,73,4,63,3,23
10,83,4,63,3,23
11,86,4,63,3,23
12,91,4,63,3,23
13,96,5,63,3,23
14,113,5,63,3,23
15,123,5,63,3,23
16,128,6,63,3,23
17,131,6,63,3,23
18,137,7,63,3,23
19,143,7,63,3,23
20,151,8,63,3,23
21,160,9,63,3,23
22,163,9,63,3,23
23,170,10,63,3,23
24,172,10,63,3,23
25,173,10,63,3,23
26,177,10,63,3,23
27,178,10,63,3,23
28,184,12,63,3,23
29,189,12,63,3,23
30,201,12,63,3,23
31,209,12,63,3,23
32,215,12,63,3,23
33,217,12,63,3,23
34,221,12,63,3,23
35,223,12,63,3,23
36,225,12,63,3,23
37,226,12,63,3,23
38,228,12,63,3,23
39,232,12,63,3,23
40,234,12,63,3,23
41,246,12,63,3,23
42,251,13,63,3,23
43,253,13,63,3,23
44,253,13,63,3,23
45,255,13,63,3,23
46,257,13,63,3,23
47,267,13,63,3,23
48,276,14,63,3,23
49,280,14,63,3,23
50,283,14,63,3,23
51,287,14,63,3,23
52,289,14,63,3,23
53,292,14,63,3,23
54,293,14,63,3,23
55,295,14,63,3,23
56,301,14,63,3,23
57,304,14,63,3,23
58,313,14,63,3,23
59,327,14,63,3,23
60,333,14,63,3,23
61,340,15,63,3,23
62,342,16,63,3,23
63,344,16,63,3,23
64,348,16,63,3,23
65,354,16,63,3,23
66,360,16,63,3,23
67,364,16,63,3,23
68,368,16,63,3,23
69,376,17,63,3,23
70,382,17,63,3,23
71,385,17,63,3,23
72,388,17,63,3,23
73,395,17,63,3,23
74,401,17,63,3,23
75,407,17,63,3,23
76,411,18,63,3,23
77,415,18,63,3,23
78,418,19,63,3,23
79,423,20,63,3,23
80,427,20,63,3,23
81,428,20,63,3,23
82,437,20,63,3,23
83,438,20,63,3,23
84,442,20,63,3,23
85,446,20,63,3,23
86,457,21,63,3,23
87,460,21,63,3,23
88,469,21,63,3,23
89,476,21,63,3,23
90,479,21,63,3,23
91,481,21,63,3,23
92,481,21,63,3,23
93,485,21,63,3,23
94,489,21,63,3,23
95,491,21,63,3,23
96,498,22,63,3,23
97,499,22,63,3,23
98,499,22,63,3,23
99,504,22,63,3,23
100,508,23,63,3,23
101,511,23,63,3,23
102,513,23,63,3,23
103,523,25,63,3,23
104,527,25,63,3,23
105,530,25,63,3,23
106,542,27,63,3,23
107,544,27,63,3,23
108,550,27,63,3,23
109,553,27,63,3,23
110,557,27,63,3,23
111,564,27,63,3,23
112,569,28,63,3,23
113,572,28,63,3,23
114,575,28,63,3,23
115,576,28,63,3,23
116,580,29,63,3,23
117,581,29,63,3,23
118,586,29,63,3,23
119,592,29,63,3,23
120,593,29,63,3,23
121,594,29,63,3,23
122,597,29,63,3,23
123,599,29,63,3,23
124,603,29,63,3,23
125,607,29,63,3,23
126,609,29,63,3,23
127,612,29,63,3,23
128,615,29,63,3,23
129,618,29,63,3,23
130,623,29,63,3,23
131,631,30,63,3,23
132,634,31,63,3,23
133,636,31,63,3,23
134,642,31,63,3,23
135,645,31,63,3,23
136,649,32,63,3,23
137,654,32,63,3,23
138,656,32,63,3,23
139,660,32,63,3,23
140,663,32,63,3,23
141,670,32,63,3,23
142,672,32,63,3,23
143,678,33,63,3,23
144,680,33,63,3,23
145,682,33,63,3,23
146,686,33,63,3,23
147,688,33,63,3,23
148,690,33,63,3,23
149,692,33,63,3,23
150,695,34,63,3,23
151,696,34,63,3,23
152,697,34,63,3,23
153,697,34,63,3,23
154,698,34,63,3,23
155,699,34,63,3,23
156,701,34,63,3,23
157,703,34,63,3,23
158,711,34,63,3,23
159,715,34,63,3,23
160,717,34,63,3,23
161,719,34,63,3,23
162,721,34,63,3,23
163,723,34,63,3,23
164,724,35,63,3,23
165,725,35,63,3,23
166,727,35,63,3,23
167,729,35,63,3,23
168,731,35,63,3,23
169,735,35,63,3,23
170,738,35,63,3,23
171,741,35,63,3,23
172,742,35,63,3,23
173,743,36,63,3,23
174,748,37,63,3,23
175,750,37,63,3,23
176,754,37,63,3,23
177,757,37,63,3,23
178,758,37,63,3,23
179,761,37,63,3,23
180,763,37,63,3,23
181,765,37,63,3,23
182,767,37,63,3,23
183,768,37,63,3,23
184,769,37,63,3,23
185,772,38,63,3,23
186,775,38,63,3,23
187,776,38,63,3,23
188,781,38,63,3,23
189,785,38,63,3,23
190,786,38,63,3,23
191,788,38,63,3,23
192,790,38,63,3,23
193,795,38,63,3,23
194,797,38,63,3,23
195,799,38,63,3,23
196,803,39,63,3,23
197,805,39,63,3,23
198,805,39,63,3,23
199,807,39,63,3,23
200,808,39,63,3,23
201,811,39,63,3,23
202,814,39,63,3,23
203,815,39,63,3,23
204,817,39,63,3,23
205,819,39,63,3,23
206,822,39,63,3,23
207,829,39,63,3,23
208,833,40,63,3,23
209,838,40,63,3,23
210,841,40,63,3,23
211,845,40,63,3,23
212,848,40,63,3,23
213,851,40,63,3,23
214,854,40,63,3,23
215,859,42,63,3,23
216,863,42,63,3,23
217,865,42,63,3,23
218,867,42,63,3,23
219,867,42,63,3,23
220,868,42,63,3,23
221,870,42,63,3,23
222,872,42,63,3,23
223,876,43,63,3,23
224,880,43,63,3,23
225,881,43,63,3,23
226,883,44,63,3,23
227,883,44,63,3,23
228,884,44,63,3,23
229,886,45,63,3,23
230,888,45,63,3,23
231,892,45,63,3,23
232,895,45,63,3,23
233,900,47,63,3,23
234,903,47,63,3,23
235,905,48,63,3,23
236,906,48,63,3,23
237,907,48,63,3,23
238,910,48,63,3,23
239,913,48,63,3,23
240,918,48,63,3,23
241,920,48,63,3,23
242,922,48,63,3,23
243,929,48,63,3,23
244,932,49,63,3,23
245,936,49,63,3,23
246,938,49,63,3,23
247,942,49,63,3,23
248,943,49,63,3,23
249,943,49,63,3,23
250,944,49,63,3,23
251,950,49,63,3,23
252,952,49,63,3,23
253,956,49,63,3,23
254,958,49,63,3,23
255,958,49,63,3,23
256,960,49,63,3,23
257,962,50,63,3,23
258,964,50,63,3,23
259,965,50,63,3,23
260,966,51,63,3,23
261,966,51,63,3,23
262,968,51,63,3,23
263,969,51,63,3,23
264,972,51,63,3,23
265,974,51,63,3,23
266,974,51,63,3,23
267,976,51,63,3,23
268,979,51,63,3,23
269,980,51,63,3,23
270,983,51,63,3,23
271,984,51,63,3,23
272,985,51,63,3,23
273,991,51,63,3,23
274,996,51,63,3,23
275,998,51,63,3,23
276,1001,51,63,3,23
277,1004,52,63,3,23
278,1009,52,63,3,23
279,1010,52,63,3,23
280,1017,52,63,3,23
281,1022,53,63,3,23
282,1024,53,63,3,23
283,1025,53,63,3,23
284,1026,53,63,3,23
285,1027,53,63,3,23
286,1028,53,63,3,23
287,1032,53,63,3,23
288,1034,53,63,3,23
289,1036,54,63,3,23
290,1038,54,63,3,23
291,1044,55,63,3,23
292,1045,55,63,3,23
293,1045,55,63,3,23
294,1046,55,63,3,23
295,1052,55,63,3,23
296,1053,55,63,3,23
297,1057,55,63,3,23
298,1059,55,63,3,23
299,1061,55,63,3,23
300,1065,56,63,3,23
301,1066,56,63,3,23
302,1067,56,63,3,23
303,1068,56,63,3,23
304,1068,56,63,3,23
305,1068,56,63,3,23
306,1069,56,63,3,23
307,1069,56,63,3,23
308,1073,56,63,3,23
309,1075,56,63,3,23
310,1078,56,63,3,23
311,1083,56,63,3,23
312,1089,57,63,3,23
313,1092,57,63,3,23
314,1095,58,63,3,23
315,1096,58,63,3,23
316,1097,58,63,3,23
317,1097,58,63,3,23
318,1100,58,63,3,23
319,1105,58,63,3,23
320,1111,58,63,3,23
321,1114,58,63,3,23
322,1122,58,63,3,23
323,1127,59,63,3,23
324,1128,59,63,3,23
325,1129,59,63,3,23
326,1131,59,63,3,23
327,1133,59,63,3,23
328,1136,59,63,3,23
329,1138,59,63,3,23
330,1139,59,63,3,23
331,1140,59,63,3,23
332,1140,59,63,3,23
333,1142,59,63,3,23
334,1143,59,63,3,23
335,1144,59,63,3,23
336,1145,59,63,3,23
337,1146,59,63,3,23
338,1146,59,63,3,23
339,1146,59,63,3,23
340,1148,59,63,3,23
341,1149,59,63,3,23
342,1151,59,63,3,23
343,1153,59,63,3,23
344,1154,59,63,3,23
345,1157,59,63,3,23
346,1158,59,63,3,23
347,1160,59,63,3,23
348,1161,59,63,3,23
349,1163,59,63,3,23
350,1163,59,63,3,23
351,1165,59,63,3,23
352,1166,59,63,3,23
353,1167,60,63,3,23
354,1170,60,63,3,23
355,1172,60,63,3,23
356,1173,60,63,3,23
357,1175,60,63,3,23
358,1176,60,63,3,23
359,1177,60,63,3,23
360,1178,60,63,3,23
361,1183,60,63,3,23
362,1186,60,63,3,23
363,1188,60,63,3,23
364,1193,60,63,3,23
365,1197,60,63,3,23
366,1199,60,63,3,23
367,1200,60,63,3,23
368,1201,60,63,3,23
369,1203,60,63,3,23
370,1206,60,63,3,23
371,1209,60,63,3,23
372,1212,61,63,3,23
373,1216,61,63,3,23
374,1218,61,63,3,23
375,1220,61,63,3,23
376,1224,61,63,3,23
377,1229,62,63,3,23
378,1232,62,63,3,23
379,1234,62,63,3,23
380,1234,62,63,3,23
381,1237,62,63,3,23
382,1237,62,63,3,23
383,1238,62,63,3,23
384,1238,62,63,3,23
385,1242,62,63,3,23
386,1246,62,63,3,23
387,1248,62,63,3,23
388,1250,62,63,3,23
389,1255,62,63,3,23
390,1262,62,63,3,23
391,1264,62,63,3,23
392,1268,62,63,3,23
393,1269,62,63,3,23
394,1271,62,63,3,23
395,1273,62,63,3,23
396,1275,62,63,3,23
397,1276,62,63,3,23
398,1276,62,63,3,23
399,1277,62,63,3,23
400,1278,62,63,3,23
401,1279,63,63,3,23
402,1280,63,63,3,23
403,1282,63,63,3,23
404,1284,63,63,3,23
405,1286,63,63,3,23
406,1290,63,63,3,23
407,1295,63,63,3,23
408,1295,63,63,3,23
409,1296,63,63,3,23
410,1297,63,63,3,23
411,1298,63,63,3,23
412,1299,63,63,3,23
413,1302,64,63,3,23
414,1304,65,63,3,23
415,1306,65,63,3,23
416,1307,65,63,3,23
417,1311,65,63,3,23
418,1315,65,63,3,23
419,1324,65,63,3,23
420,1327,65,63,3,23
421,1328,65,63,3,23
422,1328,65,63,3,23
423,1330,65,63,3,23
424,1331,65,63,3,23
425,1332,66,63,3,23
426,1332,66,63,3,23
427,1335,66,63,3,23
428,1339,66,63,3,23
429,1342,66,63,3,23
430,1347,66,63,3,23
431,1351,66,63,3,23
432,1355,66,63,3,23
433,1357,66,63,3,23
434,1359,66,63,3,23
435,1360,66,63,3,23
436,1364,66,63,3,23
437,1365,66,63,3,23
438,1367,66,63,3,23
439,1368,66,63,3,23
440,1369,66,63,3,23
441,1370,66,63,3,23
442,1372,66,63,3,23
443,1374,66,63,3,23
444,1379,66,63,3,23
445,1379,66,63,3,23
446,1379,66,63,3,23
447,1379,66,63,3,23
448,1379,66,63,3,23
449,1379,66,63,3,23
450,1379,66,63,3,23
451,1381,66,63,3,23
452,1381,66,63,3,23
453,1382,66,63,3,23
454,1383,66,63,3,23
455,1384,66,63,3,23
456,1384,66,63,3,23
457,1384,66,63,3,23
458,1386,66,63,3,23
459,1388,66,63,3,23
460,1394,67,63,3,23
461,1398,67,63,3,23
462,1401,67,63,3,23
463,1402,68,63,3,23
464,1404,68,63,3,23
465,1407,68,63,3,23
466,1410,68,63,3,23
467,1412,68,63,3,23
468,1416,70,63,3,23
469,1416,70,63,3,23
470,1416,70,63,3,23
471,1418,70,63,3,23
472,1421,71,63,3,23
473,1422,72,63,3,23
474,1424,72,63,3,23
475,1428,72,63,3,23
476,1430,72,63,3,23
477,1432,72,63,3,23
478,1434,72,63,3,23
479,1434,72,63,3,23
480,1434,72,63,3,23
481,1436,72,63,3,23
482,1437,72,63,3,23
483,1437,72,63,3,23
484,1438,72,63,3,23
485,1438,72,63,3,23
486,1440,72,63,3,23
487,1446,72,63,3,23
488,1447,72,63,3,23
489,1450,72,63,3,23
490,1453,72,63,3,23
491,1454,72,63,3,23
492,1456,72,63,3,23
493,1458,72,63,3,23
494,1459,72,63,3,23
495,1462,72,63,3,23
496,1464,72,63,3,23
497,1467,73,63,3,23
498,1472,74,63,3,23
499,1474,75,63,3,23
0,1475,76,63,3,23
1,1480,76,21,3,9
2,1482,1,21,3,9
3,1486,2,21,3,9
4,1486,2,21,3,9
5,1487,2,21,3,9
6,1487,2,21,3,9
7,1489,3,21,3,9
8,1490,4,21,3,9
9,1492,5,21,3,9
10,1494,5,21,3,9
11,1495,5,21,3,9
12,1495,5,21,3,9
13,1496,6,21,3,9
14,1497,6,21,3,9
15,1499,6,21,3,9
16,1502,6,21,3,9
17,1503,6,21,3,9
18,1504,6,21,3,9
19,1509,6,21,3,9
20,1511,7,21,3,9
21,1512,7,21,3,9
22,1515,8,21,3,9
23,1516,8,21,3,9
24,1519,8,21,3,9
25,1523,8,21,3,9
26,1526,8,21,3,9
27,1529,9,21,3,9
28,1529,9,21,3,9
29,1529,9,21,3,9
30,1529,9,21,3,9
31,1530,9,21,3,9
32,1533,10,21,3,9
33,1534,11,21,3,9
34,1535,11,21,3,9
35,1537,12,21,3,9
36,1537,12,21,3,9
37,1538,12,21,3,9
38,1539,12,21,3,9
39,1540,13,21,3,9
40,1542,13,21,3,9
41,1543,13,21,3,9
42,1544,14,21,3,9
43,1544,14,21,3,9
44,1544,14,21,3,9
45,1545,14,21,3,9
46,1547,14,21,3,9
47,1549,14,21,3,9
48,1552,16,21,3,9
49,1552,16,21,3,9
50,1553,16,21,3,9
51,1555,16,21,3,9
52,1556,16,21,3,9
53,1557,16,21,3,9
54,1557,16,21,3,9
55,1558,17,21,3,9
56,1558,17,21,3,9
57,1558,17,21,3,9
58,1559,17,21,3,9
59,1564,18,21,3,9
60,1567,19,21,3,9
61,1567,19,21,3,9
62,1567,19,21,3,9
63,1567,19,21,3,9
64,1567,19,21,3,9
65,1571,20,21,3,9
66,1572,20,21,3,9
67,1575,21,21,3,9
68,1577,21,21,3,9
69,1578,22,21,3,9
70,1579,22,21,3,9
71,1580,22,21,3,9
72,1582,22,21,3,9
73,1586,23,21,3,9
74,1589,23,21,3,9
75,1589,23,21,3,9
76,1592,23,21,3,9
77,1592,23,21,3,9
78,1592,23,21,3,9
79,1592,23,21,3,9
80,1594,24,21,3,9
81,1594,24,21,3,9
82,1596,25,21,3,9
83,1596,25,21,3,9
84,1597,26,21,3,9
85,1598,26,21,3,9
86,1598,26,21,3,9
87,1599,26,21,3,9
88,1601,26,21,3,9
89,1601,26,21,3,9
90,1602,26,21,3,9
91,1602,26,21,3,9
92,1604,26,21,3,9
93,1605,26,21,3,9
94,1607,26,21,3,9
95,1608,26,21,3,9
96,1608,26,21,3,9
97,1609,26,21,3,9
98,1609,26,21,3,9
99,1610,26,21,3,9
100,1611,27,21,3,9
101,1612,27,21,3,9
102,1612,27,21,3,9
103,1612,27,21,3,9
104,1613,27,21,3,9
105,1614,27,21,3,9
106,1615,28,21,3,9
107,1615,28,21,3,9
108,1615,28,21,3,9
109,1615,28,21,3,9
110,1617,28,21,3,9
111,1617,28,21,3,9
112,1617,28,21,3,9
113,1619,29,21,3,9
114,1620,29,21,3,9
115,1620,29,21,3,9
116,1620,29,21,3,9
117,1621,29,21,3,9
118,1622,29,21,3,9
119,1624,29,21,3,9
120,1625,29,21,3,9
121,1626,29,21,3,9
122,1627,29,21,3,9
123,1627,29,21,3,9
124,1628,30,21,3,9
125,1628,30,21,3,9
126,1628,30,21,3,9
127,1630,30,21,3,9
128,1632,30,21,3,9
129,1633,31,21,3,9
130,1633,31,21,3,9
131,1633,31,21,3,9
132,1635,31,21,3,9
133,1639,32,21,3,9
134,1641,32,21,3,9
135,1642,33,21,3,9
136,1642,33,21,3,9
137,1642,33,21,3,9
138,1643,33,21,3,9
139,1644,33,21,3,9
140,1645,33,21,3,9
141,1646,34,21,3,9
142,1647,34,21,3,9
143,1650,34,21,3,9
144,1650,34,21,3,9
145,1651,34,21,3,9
146,1652,35,21,3,9
147,1653,35,21,3,9
148,1655,36,21,3,9
149,1655,36,21,3,9
150,1656,36,21,3,9
151,1656,36,21,3,9
152,1656,36,21,3,9
153,1659,36,21,3,9
154,1660,37,21,3,9
155,1660,37,21,3,9
156,1660,37,21,3,9
157,1660,37,21,3,9
158,1664,38,21,3,9
159,1666,39,21,3,9
160,1666,39,21,3,9
161,1666,39,21,3,9
162,1666,39,21,3,9
163,1666,39,21,3,9
164,1668,39,21,3,9
165,1668,39,21,3,9
166,1668,39,21,3,9
167,1668,39,21,3,9
168,1668,39,21,3,9
169,1668,39,21,3,9
170,1668,39,21,3,9
171,1670,39,21,3,9
172,1672,39,21,3,9
173,1675,40,21,3,9
174,1683,40,21,3,9
175,1684,40,21,3,9
176,1684,40,21,3,9
177,1684,40,21,3,9
178,1685,40,21,3,9
179,1686,40,21,3,9
180,1688,40,21,3,9
181,1690,41,21,3,9
182,1690,41,21,3,9
183,1690,41,21,3,9
184,1691,41,21,3,9
185,1695,41,21,3,9
186,1696,42,21,3,9
187,1697,42,21,3,9
188,1697,42,21,3,9
189,1698,42,21,3,9
190,1698,42,21,3,9
191,1698,42,21,3,9
192,1698,42,21,3,9
193,1698,42,21,3,9
194,1700,43,21,3,9
195,1701,44,21,3,9
196,1701,44,21,3,9
197,1701,44,21,3,9
198,1702,45,21,3,9
199,1705,45,21,3,9
200,1706,45,21,3,9
201,1707,45,21,3,9
202,1707,45,21,3,9
203,1709,46,21,3,9
204,1709,46,21,3,9
205,1711,46,21,3,9
206,1712,47,21,3,9
207,1713,47,21,3,9
208,1714,47,21,3,9
209,1715,47,21,3,9
210,1715,47,21,3,9
211,1716,47,21,3,9
212,1717,47,21,3,9
213,1717,47,21,3,9
214,1717,47,21,3,9
215,1720,48,21,3,9
216,1720,48,21,3,9
217,1720,48,21,3,9
218,1722,48,21,3,9
219,1723,48,21,3,9
220,1723,48,21,3,9
221,1723,48,21,3,9
222,1723,48,21,3,9
223,1723,48,21,3,9
224,1723,48,21,3,9
225,1724,48,21,3,9
226,1727,48,21,3,9
227,1727,48,21,3,9
228,1728,48,21,3,9
229,1729,49,21,3,9
230,1729,49,21,3,9
231,1729,49,21,3,9
232,1730,49,21,3,9
233,1731,50,21,3,9
234,1731,50,21,3,9
235,1732,51,21,3,9
236,1733,52,21,3,9
237,1733,52,21,3,9
238,1733,52,21,3,9
239,1734,52,21,3,9
240,1734,52,21,3,9
241,1735,52,21,3,9
242,1736,52,21,3,9
243,1736,52,21,3,9
244,1736,52,21,3,9
245,1736,52,21,3,9
246,1736,52,21,3,9
247,1736,52,21,3,9
248,1737,53,21,3,9
249,1740,54,21,3,9
250,1741,55,21,3,9
251,1741,55,21,3,9
252,1741,55,21,3,9
253,1742,55,21,3,9
254,1743,55,21,3,9
255,1744,56,21,3,9
256,1744,56,21,3,9
257,1744,56,21,3,9
258,1744,56,21,3,9
259,1744,56,21,3,9
260,1744,56,21,3,9
261,1744,56,21,3,9
262,1746,56,21,3,9
263,1747,56,21,3,9
264,1749,56,21,3,9
265,1749,56,21,3,9
266,1751,57,21,3,9
267,1751,57,21,3,9
268,1751,57,21,3,9
269,1752,57,21,3,9
270,1753,58,21,3,9
271,1754,58,21,3,9
272,1756,58,21,3,9
273,1759,59,21,3,9
274,1760,59,21,3,9
275,1761,59,21,3,9
276,1763,59,21,3,9
277,1765,60,21,3,9
278,1765,60,21,3,9
279,1765,60,21,3,9
280,1767,60,21,3,9
281,1768,60,21,3,9
282,1769,61,21,3,9
283,1770,61,21,3,9
284,1770,61,21,3,9
285,1770,61,21,3,9
286,1770,61,21,3,9
287,1770,61,21,3,9
288,1770,61,21,3,9
289,1770,61,21,3,9
290,1770,61,21,3,9
291,1770,61,21,3,9
292,1770,61,21,3,9
293,1770,61,21,3,9
294,1770,61,21,3,9
295,1771,61,21,3,9
296,1773,61,21,3,9
297,1773,61,21,3,9
298,1774,61,21,3,9
299,1775,61,21,3,9
300,1776,61,21,3,9
301,1777,61,21,3,9
302,1777,61,21,3,9
303,1778,61,21,3,9
304,1779,62,21,3,9
305,1779,62,21,3,9
306,1779,62,21,3,9
307,1779,62,21,3,9
308,1779,62,21,3,9
309,1779,62,21,3,9
310,1779,62,21,3,9
311,1779,62,21,3,9
312,1779,62,21,3,9
313,1779,62,21,3,9
314,1779,62,21,3,9
315,1779,62,21,3,9
316,1779,62,21,3,9
317,1782,64,21,3,9
318,1782,64,21,3,9
319,1782,64,21,3,9
320,1782,64,21,3,9
321,1782,64,21,3,9
322,1782,64,21,3,9
323,1782,64,21,3,9
324,1782,64,21,3,9
325,1783,64,21,3,9
326,1784,64,21,3,9
327,1788,65,21,3,9
328,1789,66,21,3,9
329,1789,66,21,3,9
330,1789,66,21,3,9
331,1790,66,21,3,9
332,1790,66,21,3,9
333,1791,66,21,3,9
334,1792,67,21,3,9
335,1792,67,21,3,9
336,1792,67,21,3,9
337,1792,67,21,3,9
338,1793,67,21,3,9
339,1793,67,21,3,9
340,1794,67,21,3,9
341,1794,67,21,3,9
342,1794,67,21,3,9
343,1794,67,21,3,9
344,1795,67,21,3,9
345,1796,67,21,3,9
346,1796,67,21,3,9
347,1796,67,21,3,9
348,1796,67,21,3,9
349,1797,67,21,3,9
350,1797,67,21,3,9
351,1797,67,21,3,9
352,1797,67,21,3,9
353,1797,67,21,3,9
354,1797,67,21,3,9
355,1797,67,21,3,9
356,1797,67,21,3,9
357,1797,67,21,3,9
358,1797,67,21,3,9
359,1797,67,21,3,9
360,1797,67,21,3,9
361,1797,67,21,3,9
362,1797,67,21,3,9
363,1798,67,21,3,9
364,1800,68,21,3,9
365,1801,68,21,3,9
366,1801,68,21,3,9
367,1801,68,21,3,9
368,1803,68,21,3,9
369,1806,70,21,3,9
370,1806,70,21,3,9
371,1806,70,21,3,9
372,1806,70,21,3,9
373,1806,70,21,3,9
374,1806,70,21,3,9
375,1806,70,21,3,9
376,1806,70,21,3,9
377,1806,70,21,3,9
378,1806,70,21,3,9
379,1806,70,21,3,9
380,1806,70,21,3,9
381,1806,70,21,3,9
382,1806,70,21,3,9
383,1806,70,21,3,9
384,1806,70,21,3,9
385,1806,70,21,3,9
386,1806,70,21,3,9
387,1806,70,21,3,9
388,1807,71,21,3,9
389,1807,71,21,3,9
390,1810,71,21,3,9
391,1810,71,21,3,9
392,1811,71,21,3,9
393,1813,71,21,3,9
394,1813,71,21,3,9
395,1813,71,21,3,9
396,1815,71,21,3,9
397,1816,71,21,3,9
398,1817,72,21,3,9
399,1817,72,21,3,9
400,1817,72,21,3,9
401,1817,72,21,3,9
402,1817,72,21,3,9
403,1817,72,21,3,9
404,1817,72,21,3,9
405,1817,72,21,3,9
406,1817,72,21,3,9
407,1817,72,21,3,9
408,1817,72,21,3,9
409,1817,72,21,3,9
410,1821,74,21,3,9
411,1822,74,21,3,9
412,1824,75,21,3,9
413,1825,75,21,3,9
414,1826,75,21,3,9
415,1826,75,21,3,9
416,1826,75,21,3,9
417,1826,75,21,3,9
418,1826,75,21,3,9
419,1826,75,21,3,9
420,1827,75,21,3,9
421,1827,75,21,3,9
422,1827,75,21,3,9
423,1828,76,21,3,9
424,1828,76,21,3,9
425,1828,76,21,3,9
426,1830,76,21,3,9
427,1831,76,21,3,9
428,1831,76,21,3,9
429,1831,76,21,3,9
430,1831,76,21,3,9
431,1831,76,21,3,9
432,1831,76,21,3,9
433,1831,76,21,3,9
434,1831,76,21,3,9
435,1831,76,21,3,9
436,1831,76,21,3,9
437,1831,76,21,3,9
438,1831,76,21,3,9
439,1831,76,21,3,9
440,1831,76,21,3,9
441,1831,76,21,3,9
442,1831,76,21,3,9
443,1831,76,21,3,9
444,1831,76,21,3,9
445,1831,76,21,3,9
446,1832,76,21,3,9
447,1834,76,21,3,9
448,1836,76,21,3,9
449,1836,76,21,3,9
450,1836,76,21,3,9
451,1836,76,21,3,9
452,1836,76,21,3,9
453,1836,76,21,3,9
454,1836,76,21,3,9
455,1836,76,21,3,9
456,1836,76,21,3,9
457,1836,76,21,3,9
458,1836,76,21,3,9
459,1837,77,21,3,9
460,1837,77,21,3,9
461,1837,77,21,3,9
462,1837,77,21,3,9
463,1837,77,21,3,9
464,1839,77,21,3,9
465,1841,78,21,3,9
466,1841,78,21,3,9
467,1841,78,21,3,9
468,1841,78,21,3,9
469,1841,78,21,3,9
470,1841,78,21,3,9
471,1841,78,21,3,9
472,1841,78,21,3,9
473,1841,78,21,3,9
474,1842,78,21,3,9
475,1843,78,21,3,9
476,1843,78,21,3,9
477,1844,78,21,3,9
478,1844,78,21,3,9
479,1845,79,21,3,9
480,1846,79,21,3,9
481,1846,79,21,3,9
482,1846,79,21,3,9
483,1847,79,21,3,9
484,1849,80,21,3,9
485,1849,80,21,3,9
486,1849,80,21,3,9
487,1849,80,21,3,9
488,1849,80,21,3,9
489,1849,80,21,3,9
490,1849,80,21,3,9
491,1849,80,21,3,9
492,1849,80,21,3,9
493,1849,80,21,3,9
494,1849,80,21,3,9
495,1849,80,21,3,9
496,1849,80,21,3,9
497,1849,80,21,3,9
498,1850,80,21,3,9
499,1851,81,21,3,9
0,1851,81,21,3,9
1,1853,1,19,1,19
2,1854,1,19,1,19
3,1857,2,19,1,19
4,1858,3,19,1,19
5,1858,3,19,1,19
6,1858,3,19,1,19
7,1860,3,19,1,19
8,1860,4,19,1,19
9,1863,4,19,1,19
10,1865,4,19,1,19
11,1867,4,19,1,19
12,1870,4,19,1,19
13,1872,4,19,1,19
14,1874,5,19,1,19
15,1875,6,19,1,19
16,1875,6,19,1,19
17,1878,7,19,1,19
18,1879,7,19,1,19
19,1882,7,19,1,19
20,1884,8,19,1,19
21,1884,8,19,1,19
22,1884,8,19,1,19
23,1885,9,19,1,19
24,1888,10,19,1,19
25,1889,10,19,1,19
26,1889,10,19,1,19
27,1890,10,19,1,19
28,1894,11,19,1,19
29,1898,11,19,1,19
30,1900,11,19,1,19
31,1903,12,19,1,19
32,1906,13,19,1,19
33,1912,15,19,1,19
34,1912,15,19,1,19
35,1913,15,19,1,19
36,1913,15,19,1,19
37,1914,15,19,1,19
38,1916,15,19,1,19
39,1921,15,19,1,19
40,1921,15,19,1,19
41,1921,15,19,1,19
42,1924,15,19,1,19
43,1928,17,19,1,19
44,1933,17,19,1,19
45,1935,17,19,1,19
46,1935,18,19,1,19
47,1935,18,19,1,19
48,1935,18,19,1,19
49,1936,18,19,1,19
50,1939,19,19,1,19
51,1940,19,19,1,19
52,1941,19,19,1,19
53,1942,20,19,1,19
54,1943,20,19,1,19
55,1945,20,19,1,19
56,1949,20,19,1,19
57,1954,21,19,1,19
58,1958,22,19,1,19
59,1959,22,19,1,19
60,1961,22,19,1,19
61,1966,22,19,1,19
62,1972,22,19,1,19
63,1973,22,19,1,19
64,1974,23,19,1,19
65,1975,23,19,1,19
66,1976,23,19,1,19
67,1976,24,19,1,19
68,1976,24,19,1,19
69,1978,24,19,1,19
70,1978,25,19,1,19
71,1978,25,19,1,19
72,1978,25,19,1,19
73,1978,25,19,1,19
74,1979,25,19,1,19
75,1982,26,19,1,19
76,1983,26,19,1,19
77,1986,27,19,1,19
78,1988,28,19,1,19
79,1989,28,19,1,19
80,1989,28,19,1,19
81,1989,28,19,1,19
82,1992,28,19,1,19
83,1993,28,19,1,19
84,1995,28,19,1,19
85,1996,28,19,1,19
86,1999,28,19,1,19
87,2001,28,19,1,19
88,2001,28,19,1,19
89,2002,28,19,1,19
90,2002,29,19,1,19
91,2002,29,19,1,19
92,2002,30,19,1,19
93,2003,30,19,1,19
94,2005,30,19,1,19
95,2005,30,19,1,19
96,2005,30,19,1,19
97,2006,30,19,1,19
98,2008,31,19,1,19
99,2008,31,19,1,19
100,2010,32,19,1,19
101,2012,32,19,1,19
102,2013,32,19,1,19
103,2013,32,19,1,19
104,2014,32,19,1,19
105,2017,33,19,1,19
106,2018,34,19,1,19
107,2019,34,19,1,19
108,2019,34,19,1,19
109,2019,34,19,1,19
110,2019,34,19,1,19
111,2019,34,19,1,19
112,2019,34,19,1,19
113,2020,34,19,1,19
114,2020,34,19,1,19
115,2020,34,19,1,19
116,2021,34,19,1,19
117,2022,34,19,1,19
118,2025,34,19,1,19
119,2026,34,19,1,19
120,2027,34,19,1,19
121,2029,34,19,1,19
122,2030,34,19,1,19
123,2030,34,19,1,19
124,2031,34,19,1,19
125,2033,35,19,1,19
126,2034,35,19,1,19
127,2035,35,19,1,19
128,2035,35,19,1,19
129,2035,35,19,1,19
130,2035,35,19,1,19
131,2036,35,19,1,19
132,2039,36,19,1,19
133,2042,36,19,1,19
134,2043,37,19,1,19
135,2045,37,19,1,19
136,2047,37,19,1,19
137,2048,37,19,1,19
138,2048,37,19,1,19
139,2048,37,19,1,19
140,2049,37,19,1,19
141,2049,37,19,1,19
142,2052,37,19,1,19
143,2053,38,19,1,19
144,2055,39,19,1,19
145,2057,39,19,1,19
146,2058,39,19,1,19
147,2061,39,19,1,19
148,2062,39,19,1,19
149,2064,39,19,1,19
150,2064,39,19,1,19
151,2064,39,19,1,19
152,2067,40,19,1,19
153,2071,40,19,1,19
154,2072,40,19,1,19
155,2073,40,19,1,19
156,2073,40,19,1,19
157,2073,40,19,1,19
158,2074,40,19,1,19
159,2074,40,19,1,19
160,2075,40,19,1,19
161,2075,41,19,1,19
162,2075,41,19,1,19
163,2079,41,19,1,19
164,2080,41,19,1,19
165,2082,41,19,1,19
166,2084,41,19,1,19
167,2087,41,19,1,19
168,2087,41,19,1,19
169,2089,42,19,1,19
170,2092,42,19,1,19
171,2096,42,19,1,19
172,2099,42,19,1,19
173,2101,42,19,1,19
174,2102,42,19,1,19
175,2104,43,19,1,19
176,2105,43,19,1,19
177,2106,43,19,1,19
178,2107,43,19,1,19
179,2107,43,19,1,19
180,2109,43,19,1,19
181,2111,44,19,1,19
182,2111,44,19,1,19
183,2112,44,19,1,19
184,2114,45,19,1,19
185,2116,45,19,1,19
186,2118,45,19,1,19
187,2119,45,19,1,19
188,2122,45,19,1,19
189,2122,45,19,1,19
190,2122,45,19,1,19
191,2123,46,19,1,19
192,2123,46,19,1,19
193,2123,46,19,1,19
194,2124,46,19,1,19
195,2127,46,19,1,19
196,2131,46,19,1,19
197,2134,47,19,1,19
198,2135,47,19,1,19
199,2135,47,19,1,19
200,2137,47,19,1,19
201,2140,47,19,1,19
202,2140,47,19,1,19
203,2141,47,19,1,19
204,2142,47,19,1,19
205,2143,48,19,1,19
206,2143,48,19,1,19
207,2143,48,19,1,19
208,2143,48,19,1,19
209,2145,48,19,1,19
210,2147,48,19,1,19
211,2148,49,19,1,19
212,2149,49,19,1,19
213,2150,49,19,1,19
214,2152,49,19,1,19
215,2152,49,19,1,19
216,2152,49,19,1,19
217,2154,49,19,1,19
218,2155,49,19,1,19
219,2155,49,19,1,19
220,2155,49,19,1,19
221,2157,49,19,1,19
222,2157,49,19,1,19
223,2158,49,19,1,19
224,2160,49,19,1,19
225,2161,49,19,1,19
226,2162,49,19,1,19
227,2164,49,19,1,19
228,2165,49,19,1,19
229,2165,49,19,1,19
230,2165,49,19,1,19
231,2165,49,19,1,19
232,2166,50,19,1,19
233,2167,51,19,1,19
234,2171,51,19,1,19
235,2174,52,19,1,19
236,2174,52,19,1,19
237,2176,52,19,1,19
238,2176,52,19,1,19
239,2176,52,19,1,19
240,2177,52,19,1,19
241,2179,53,19,1,19
242,2179,53,19,1,19
243,2179,53,19,1,19
244,2179,53,19,1,19
245,2179,53,19,1,19
246,2180,53,19,1,19
247,2180,53,19,1,19
248,2181,53,19,1,19
249,2183,53,19,1,19
250,2185,54,19,1,19
251,2185,54,19,1,19
252,2186,54,19,1,19
253,2187,54,19,1,19
254,2188,54,19,1,19
255,2189,54,19,1,19
256,2191,55,19,1,19
257,2192,56,19,1,19
258,2194,56,19,1,19
259,2194,56,19,1,19
260,2194,56,19,1,19
261,2195,56,19,1,19
262,2196,56,19,1,19
263,2197,56,19,1,19
264,2200,57,19,1,19
265,2201,57,19,1,19
266,2202,58,19,1,19
267,2202,58,19,1,19
268,2202,58,19,1,19
269,2202,58,19,1,19
270,2202,58,19,1,19
271,2202,58,19,1,19
272,2202,58,19,1,19
273,2202,58,19,1,19
274,2202,58,19,1,19
275,2202,58,19,1,19
276,2202,58,19,1,19
277,2205,58,19,1,19
278,2207,58,19,1,19
279,2207,58,19,1,19
280,2207,58,19,1,19
281,2207,58,19,1,19
282,2208,58,19,1,19
283,2208,58,19,1,19
284,2208,58,19,1,19
285,2210,58,19,1,19
286,2211,58,19,1,19
287,2213,58,19,1,19
288,2213,58,19,1,19
289,2213,58,19,1,19
290,2213,58,19,1,19
291,2213,58,19,1,19
292,2214,58,19,1,19
293,2215,58,19,1,19
294,2215,58,19,1,19
295,2216,58,19,1,19
296,2217,58,19,1,19
297,2217,58,19,1,19
298,2219,58,19,1,19
299,2219,58,19,1,19
300,2219,58,19,1,19
301,2221,58,19,1,19
302,2221,59,19,1,19
303,2221,59,19,1,19
304,2221,59,19,1,19
305,2221,59,19,1,19
306,2222,59,19,1,19
307,2222,59,19,1,19
308,2224,59,19,1,19
309,2224,59,19,1,19
310,2224,59,19,1,19
311,2224,59,19,1,19
312,2225,59,19,1,19
313,2226,59,19,1,19
314,2227,59,19,1,19
315,2228,59,19,1,19
316,2229,59,19,1,19
317,2230,59,19,1,19
318,2230,59,19,1,19
319,2230,59,19,1,19
320,2231,59,19,1,19
321,2232,60,19,1,19
322,2233,60,19,1,19
323,2234,60,19,1,19
324,2237,60,19,1,19
325,2238,60,19,1,19
326,2239,60,19,1,19
327,2241,60,19,1,19
328,2242,60,19,1,19
329,2244,60,19,1,19
330,2246,61,19,1,19
331,2247,61,19,1,19
332,2247,61,19,1,19
333,2247,61,19,1,19
334,2248,61,19,1,19
335,2249,61,19,1,19
336,2249,61,19,1,19
337,2250,61,19,1,19
338,2251,61,19,1,19
339,2253,61,19,1,19
340,2256,61,19,1,19
341,2256,61,19,1,19
342,2258,62,19,1,19
343,2260,62,19,1,19
344,2261,62,19,1,19
345,2262,62,19,1,19
346,2262,62,19,1,19
347,2263,62,19,1,19
348,2265,62,19,1,19
349,2267,62,19,1,19
350,2269,62,19,1,19
351,2270,63,19,1,19
352,2271,63,19,1,19
353,2272,63,19,1,19
354,2273,63,19,1,19
355,2273,63,19,1,19
356,2273,63,19,1,19
357,2273,64,19,1,19
358,2273,64,19,1,19
359,2273,64,19,1,19
360,2273,64,19,1,19
361,2273,64,19,1,19
362,2273,64,19,1,19
363,2274,64,19,1,19
364,2274,64,19,1,19
365,2276,65,19,1,19
366,2276,65,19,1,19
367,2276,65,19,1,19
368,2277,65,19,1,19
369,2278,66,19,1,19
370,2278,66,19,1,19
371,2278,66,19,1,19
372,2278,66,19,1,19
373,2279,67,19,1,19
374,2279,67,19,1,19
375,2279,67,19,1,19
376,2279,67,19,1,19
377,2279,67,19,1,19
378,2279,67,19,1,19
379,2279,67,19,1,19
380,2279,67,19,1,19
381,2279,67,19,1,19
382,2279,67,19,1,19
383,2279,67,19,1,19
384,2279,67,19,1,19
385,2280,67,19,1,19
386,2280,67,19,1,19
387,2280,67,19,1,19
388,2281,67,19,1,19
389,2281,67,19,1,19
390,2281,67,19,1,19
391,2281,67,19,1,19
392,2281,67,19,1,19
393,2281,67,19,1,19
394,2281,67,19,1,19
395,2281,67,19,1,19
396,2281,67,19,1,19
397,2281,67,19,1,19
398,2281,67,19,1,19
399,2281,67,19,1,19
400,2281,67,19,1,19
401,2281,67,19,1,19
402,2281,67,19,1,19
403,2281,67,19,1,19
404,2281,67,19,1,19
405,2282,67,19,1,19
406,2283,67,19,1,19
407,2284,67,19,1,19
408,2285,67,19,1,19
409,2285,67,19,1,19
410,2287,67,19,1,19
411,2287,67,19,1,19
412,2288,67,19,1,19
413,2288,67,19,1,19
414,2288,67,19,1,19
415,2290,67,19,1,19
416,2292,67,19,1,19
417,2294,67,19,1,19
418,2295,67,19,1,19
419,2295,67,19,1,19
420,2296,67,19,1,19
421,2296,68,19,1,19
422,2296,68,19,1,19
423,2297,68,19,1,19
424,2298,69,19,1,19
425,2298,69,19,1,19
426,2299,69,19,1,19
427,2299,69,19,1,19
428,2299,69,19,1,19
429,2300,69,19,1,19
430,2300,69,19,1,19
431,2302,69,19,1,19
432,2303,69,19,1,19
433,2303,69,19,1,19
434,2304,69,19,1,19
435,2304,69,19,1,19
436,2304,69,19,1,19
437,2304,69,19,1,19
438,2304,69,19,1,19
439,2304,69,19,1,19
440,2304,69,19,1,19
441,2304,69,19,1,19
442,2304,69,19,1,19
443,2305,70,19,1,19
444,2305,70,19,1,19
445,2305,70,19,1,19
446,2305,70,19,1,19
447,2305,70,19,1,19
448,2306,71,19,1,19
449,2306,71,19,1,19
450,2306,71,19,1,19
451,2306,71,19,1,19
452,2308,71,19,1,19
453,2308,71,19,1,19
454,2309,71,19,1,19
455,2309,71,19,1,19
456,2309,71,19,1,19
457,2310,71,19,1,19
458,2310,71,19,1,19
459,2310,72,19,1,19
460,2312,72,19,1,19
461,2312,72,19,1,19
462,2312,72,19,1,19
463,2312,72,19,1,19
464,2312,72,19,1,19
465,2312,72,19,1,19
466,2312,72,19,1,19
467,2312,72,19,1,19
468,2312,72,19,1,19
469,2312,72,19,1,19
470,2312,72,19,1,19
471,2314,73,19,1,19
472,2314,73,19,1,19
473,2314,73,19,1,19
474,2314,73,19,1,19
475,2314,73,19,1,19
476,2315,73,19,1,19
477,2315,73,19,1,19
478,2315,73,19,1,19
479,2315,73,19,1,19
480,2315,73,19,1,19
481,2315,73,19,1,19
482,2316,73,19,1,19
483,2316,73,19,1,19
484,2316,73,19,1,19
485,2316,73,19,1,19
486,2316,73,19,1,19
487,2316,73,19,1,19
488,2316,73,19,1,19
489,2316,73,19,1,19
490,2316,73,19,1,19
491,2316,73,19,1,19
492,2316,73,19,1,19
493,2318,73,19,1,19
494,2318,73,19,1,19
495,2321,73,19,1,19
496,2323,74,19,1,19
497,2324,74,19,1,19
498,2325,74,19,1,19
499,2325,74,19,1,19
0,2327,74,19,1,19
1,2327,74,14,8,5
2,2331,1,14,8,5
3,2331,1,14,8,5
4,2331,1,14,8,5
5,2332,1,14,8,5
6,2332,1,14,8,5
7,2333,1,14,8,5
8,2337,1,14,8,5
9,2338,1,14,8,5
10,2339,1,14,8,5
11,2342,3,14,8,5
12,2342,3,14,8,5
13,2342,3,14,8,5
14,2342,3,14,8,5
15,2342,3,14,8,5
16,2343,3,14,8,5
17,2344,4,14,8,5
18,2345,4,14,8,5
19,2346,4,14,8,5
20,2347,4,14,8,5
21,2347,4,14,8,5
22,2349,4,14,8,5
23,2351,5,14,8,5
24,2354,6,14,8,5
25,2355,6,14,8,5
26,2355,6,14,8,5
27,2357,6,14,8,5
28,2357,6,14,8,5
29,2357,6,14,8,5
30,2359,6,14,8,5
31,2359,6,14,8,5
32,2360,6,14,8,5
33,2362,6,14,8,5
34,2364,6,14,8,5
35,2364,6,14,8,5
36,2364,6,14,8,5
37,2366,7,14,8,5
38,2367,7,14,8,5
39,2368,8,14,8,5
40,2368,8,14,8,5
41,2368,8,14,8,5
42,2368,8,14,8,5
43,2369,9,14,8,5
44,2369,9,14,8,5
45,2369,9,14,8,5
46,2370,9,14,8,5
47,2371,10,14,8,5
48,2372,10,14,8,5
49,2372,10,14,8,5
50,2375,11,14,8,5
51,2375,11,14,8,5
52,2375,11,14,8,5
53,2376,11,14,8,5
54,2377,11,14,8,5
55,2378,11,14,8,5
56,2381,11,14,8,5
57,2385,12,14,8,5
58,2385,12,14,8,5
59,2388,12,14,8,5
60,2389,13,14,8,5
61,2390,13,14,8,5
62,2390,13,14,8,5
63,2390,13,14,8,5
64,2391,13,14,8,5
65,2397,14,14,8,5
66,2398,15,14,8,5
67,2398,15,14,8,5
68,2398,15,14,8,5
69,2399,16,14,8,5
70,2399,16,14,8,5
71,2400,16,14,8,5
72,2400,16,14,8,5
73,2400,16,14,8,5
74,2402,16,14,8,5
75,2403,16,14,8,5
76,2403,16,14,8,5
77,2404,16,14,8,5
78,2406,17,14,8,5
79,2407,17,14,8,5
80,2408,17,14,8,5
81,2408,17,14,8,5
82,2409,17,14,8,5
83,2409,17,14,8,5
84,2409,17,14,8,5
85,2411,18,14,8,5
86,2412,18,14,8,5
87,2413,18,14,8,5
88,2413,18,14,8,5
89,2416,19,14,8,5
90,2417,20,14,8,5
91,2417,20,14,8,5
92,2417,20,14,8,5
93,2418,21,14,8,5
94,2419,21,14,8,5
95,2420,21,14,8,5
96,2423,23,14,8,5
97,2426,23,14,8,5
98,2427,23,14,8,5
99,2427,23,14,8,5
100,2428,24,14,8,5
101,2429,24,14,8,5
102,2431,24,14,8,5
103,2434,25,14,8,5
104,2436,25,14,8,5
105,2436,25,14,8,5
106,2436,25,14,8,5
107,2436,25,14,8,5
108,2436,25,14,8,5
109,2437,25,14,8,5
110,2439,25,14,8,5
111,2441,26,14,8,5
112,2443,26,14,8,5
113,2448,28,14,8,5
114,2449,28,14,8,5
115,2449,28,14,8,5
116,2454,30,14,8,5
117,2454,30,14,8,5
118,2457,31,14,8,5
119,2460,32,14,8,5
120,2460,32,14,8,5
121,2460,32,14,8,5
122,2461,33,14,8,5
123,2461,33,14,8,5
124,2462,34,14,8,5
125,2464,34,14,8,5
126,2465,34,14,8,5
127,2466,34,14,8,5
128,2466,34,14,8,5
129,2468,34,14,8,5
130,2468,34,14,8,5
131,2468,34,14,8,5
132,2469,35,14,8,5
133,2469,35,14,8,5
134,2469,35,14,8,5
135,2469,35,14,8,5
136,2470,36,14,8,5
137,2470,36,14,8,5
138,2470,36,14,8,5
139,2470,36,14,8,5
140,2470,36,14,8,5
141,2471,36,14,8,5
142,2472,36,14,8,5
143,2472,36,14,8,5
144,2472,36,14,8,5
145,2472,36,14,8,5
146,2472,36,14,8,5
147,2472,36,14,8,5
148,2473,36,14,8,5
149,2473,36,14,8,5
150,2473,36,14,8,5
151,2475,36,14,8,5
152,2476,37,14,8,5
153,2476,37,14,8,5
154,2479,37,14,8,5
155,2479,37,14,8,5
156,2480,37,14,8,5
157,2480,37,14,8,5
158,2481,37,14,8,5
159,2482,37,14,8,5
160,2483,37,14,8,5
161,2483,37,14,8,5
162,2486,38,14,8,5
163,2486,38,14,8,5
164,2486,38,14,8,5
165,2486,38,14,8,5
166,2488,38,14,8,5
167,2488,38,14,8,5
168,2489,38,14,8,5
169,2490,38,14,8,5
170,2491,38,14,8,5
171,2491,38,14,8,5
172,2492,39,14,8,5
173,2492,39,14,8,5
174,2493,39,14,8,5
175,2493,39,14,8,5
176,2493,39,14,8,5
177,2493,39,14,8,5
178,2495,39,14,8,5
179,2497,40,14,8,5
180,2498,40,14,8,5
181,2500,41,14,8,5
182,2500,41,14,8,5
183,2500,41,14,8,5
184,2502,43,14,8,5
185,2502,43,14,8,5
186,2503,43,14,8,5
187,2503,43,14,8,5
188,2503,43,14,8,5
189,2505,44,14,8,5
190,2506,44,14,8,5
191,2507,44,14,8,5
192,2507,44,14,8,5
193,2507,44,14,8,5
194,2507,44,14,8,5
195,2508,45,14,8,5
196,2509,45,14,8,5
197,2510,45,14,8,5
198,2510,45,14,8,5
199,2510,45,14,8,5
200,2511,45,14,8,5
201,2511,45,14,8,5
202,2511,45,14,8,5
203,2511,45,14,8,5
204,2511,45,14,8,5
205,2511,45,14,8,5
206,2511,45,14,8,5
207,2511,45,14,8,5
208,2511,45,14,8,5
209,2511,45,14,8,5
210,2511,45,14,8,5
211,2511,45,14,8,5
212,2511,45,14,8,5
213,2511,45,14,8,5
214,2511,45,14,8,5
215,2511,45,14,8,5
216,2512,46,14,8,5
217,2513,46,14,8,5
218,2513,46,14,8,5
219,2513,46,14,8,5
220,2515,46,14,8,5
221,2515,46,14,8,5
222,2516,46,14,8,5
223,2516,46,14,8,5
224,2517,46,14,8,5
225,2518,46,14,8,5
226,2520,47,14,8,5
227,2521,47,14,8,5
228,2522,48,14,8,5
229,2522,48,14,8,5
230,2522,48,14,8,5
231,2523,48,14,8,5
232,2523,48,14,8,5
233,2523,48,14,8,5
234,2523,48,14,8,5
235,2524,48,14,8,5
236,2525,48,14,8,5
237,2526,48,14,8,5
238,2527,49,14,8,5
239,2527,49,14,8,5
240,2527,49,14,8,5
241,2529,49,14,8,5
242,2531,49,14,8,5
243,2533,49,14,8,5
244,2533,49,14,8,5
245,2533,49,14,8,5
246,2533,49,14,8,5
247,2536,49,14,8,5
248,2536,49,14,8,5
249,2536,49,14,8,5
250,2537,49,14,8,5
251,2537,49,14,8,5
252,2538,49,14,8,5
253,2538,49,14,8,5
254,2539,49,14,8,5
255,2539,49,14,8,5
256,2541,50,14,8,5
257,2541,50,14,8,5
258,2541,50,14,8,5
259,2541,50,14,8,5
260,2541,50,14,8,5
261,2541,50,14,8,5
262,2541,50,14,8,5
263,2541,50,14,8,5
264,2541,50,14,8,5
265,2543,51,14,8,5
266,2543,51,14,8,5
267,2543,51,14,8,5
268,2544,51,14,8,5
269,2544,51,14,8,5
270,2545,52,14,8,5
271,2545,52,14,8,5
272,2545,52,14,8,5
273,2546,52,14,8,5
274,2546,52,14,8,5
275,2548,52,14,8,5
276,2549,53,14,8,5
277,2550,53,14,8,5
278,2550,53,14,8,5
279,2550,53,14,8,5
280,2551,53,14,8,5
281,2551,53,14,8,5
282,2553,54,14,8,5
283,2554,54,14,8,5
284,2554,54,14,8,5
285,2554,54,14,8,5
286,2554,54,14,8,5
287,2554,54,14,8,5
288,2554,54,14,8,5
289,2554,54,14,8,5
290,2555,55,14,8,5
291,2555,55,14,8,5
292,2555,55,14,8,5
293,2555,55,14,8,5
294,2555,55,14,8,5
295,2555,55,14,8,5
296,2555,55,14,8,5
297,2555,55,14,8,5
298,2555,55,14,8,5
299,2556,55,14,8,5
300,2556,55,14,8,5
301,2556,55,14,8,5
302,2557,55,14,8,5
303,2557,55,14,8,5
304,2557,55,14,8,5
305,2558,55,14,8,5
306,2561,56,14,8,5
307,2561,56,14,8,5
308,2561,56,14,8,5
309,2561,56,14,8,5
310,2561,56,14,8,5
311,2561,56,14,8,5
312,2561,56,14,8,5
313,2561,56,14,8,5
314,2561,56,14,8,5
315,2561,56,14,8,5
316,2561,56,14,8,5
317,2561,56,14,8,5
318,2561,56,14,8,5
319,2562,56,14,8,5
320,2562,56,14,8,5
321,2562,56,14,8,5
322,2562,56,14,8,5
323,2562,56,14,8,5
324,2563,56,14,8,5
325,2563,56,14,8,5
326,2564,56,14,8,5
327,2564,56,14,8,5
328,2565,57,14,8,5
329,2565,57,14,8,5
330,2565,57,14,8,5
331,2567,58,14,8,5
332,2568,58,14,8,5
333,2568,58,14,8,5
334,2568,58,14,8,5
335,2568,58,14,8,5
336,2568,58,14,8,5
337,2569,58,14,8,5
338,2569,58,14,8,5
339,2569,58,14,8,5
340,2569,58,14,8,5
341,2569,58,14,8,5
342,2572,59,14,8,5
343,2572,59,14,8,5
344,2572,59,14,8,5
345,2572,59,14,8,5
346,2572,59,14,8,5
347,2575,59,14,8,5
348,2575,59,14,8,5
349,2575,59,14,8,5
350,2575,59,14,8,5
351,2575,59,14,8,5
352,2575,59,14,8,5
353,2575,59,14,8,5
354,2575,59,14,8,5
355,2575,59,14,8,5
356,2575,59,14,8,5
357,2575,59,14,8,5
358,2576,59,14,8,5
359,2577,59,14,8,5
360,2577,59,14,8,5
361,2577,59,14,8,5
362,2577,59,14,8,5
363,2578,59,14,8,5
364,2579,59,14,8,5
365,2580,59,14,8,5
366,2580,59,14,8,5
367,2580,59,14,8,5
368,2580,59,14,8,5
369,2581,59,14,8,5
370,2581,59,14,8,5
371,2581,59,14,8,5
372,2581,59,14,8,5
373,2581,59,14,8,5
374,2581,59,14,8,5
375,2581,59,14,8,5
376,2581,59,14,8,5
377,2581,59,14,8,5
378,2582,60,14,8,5
379,2582,60,14,8,5
380,2584,60,14,8,5
381,2586,60,14,8,5
382,2586,60,14,8,5
383,2586,60,14,8,5
384,2586,60,14,8,5
385,2586,60,14,8,5
386,2587,61,14,8,5
387,2587,61,14,8,5
388,2587,61,14,8,5
389,2587,61,14,8,5
390,2587,61,14,8,5
391,2587,61,14,8,5
392,2587,61,14,8,5
393,2589,61,14,8,5
394,2590,61,14,8,5
395,2591,61,14,8,5
396,2592,61,14,8,5
397,2592,61,14,8,5
398,2592,61,14,8,5
399,2592,61,14,8,5
400,2595,62,14,8,5
401,2595,62,14,8,5
402,2595,62,14,8,5
403,2595,62,14,8,5
404,2595,62,14,8,5
405,2596,63,14,8,5
406,2596,63,14,8,5
407,2596,63,14,8,5
408,2596,63,14,8,5
409,2597,64,14,8,5
410,2597,64,14,8,5
411,2597,64,14,8,5
412,2597,64,14,8,5
413,2597,64,14,8,5
414,2598,65,14,8,5
415,2598,65,14,8,5
416,2598,65,14,8,5
417,2598,65,14,8,5
418,2598,65,14,8,5
419,2599,66,14,8,5
420,2599,66,14,8,5
421,2601,66,14,8,5
422,2601,66,14,8,5
423,2601,66,14,8,5
424,2601,66,14,8,5
425,2601,66,14,8,5
426,2601,66,14,8,5
427,2601,66,14,8,5
428,2603,67,14,8,5
429,2603,67,14,8,5
430,2603,67,14,8,5
431,2603,67,14,8,5
432,2603,67,14,8,5
433,2603,67,14,8,5
434,2603,67,14,8,5
435,2603,67,14,8,5
436,2603,67,14,8,5
437,2603,67,14,8,5
438,2603,67,14,8,5
439,2603,67,14,8,5
440,2603,67,14,8,5
441,2603,67,14,8,5
442,2603,67,14,8,5
443,2603,67,14,8,5
444,2604,68,14,8,5
445,2606,68,14,8,5
446,2606,68,14,8,5
447,2607,68,14,8,5
448,2607,68,14,8,5
449,2607,68,14,8,5
450,2608,68,14,8,5
451,2608,68,14,8,5
452,2608,68,14,8,5
453,2609,69,14,8,5
454,2609,69,14,8,5
455,2609,69,14,8,5
456,2609,69,14,8,5
457,2609,69,14,8,5
458,2609,69,14,8,5
459,2609,69,14,8,5
460,2609,69,14,8,5
461,2609,69,14,8,5
462,2609,69,14,8,5
463,2609,69,14,8,5
464,2609,69,14,8,5
465,2609,69,14,8,5
466,2609,69,14,8,5
467,2609,69,14,8,5
468,2610,70,14,8,5
469,2610,70,14,8,5
470,2610,70,14,8,5
471,2610,70,14,8,5
472,2613,71,14,8,5
473,2613,71,14,8,5
474,2613,71,14,8,5
475,2613,71,14,8,5
476,2613,71,14,8,5
477,2613,71,14,8,5
478,2613,71,14,8,5
479,2613,71,14,8,5
480,2613,71,14,8,5
481,2613,71,14,8,5
482,2613,71,14,8,5
483,2613,71,14,8,5
484,2613,71,14,8,5
485,2613,71,14,8,5
486,2613,71,14,8,5
487,2613,71,14,8,5
488,2613,71,14,8,5
489,2613,71,14,8,5
490,2613,71,14,8,5
491,2614,71,14,8,5
492,2615,72,14,8,5
493,2615,72,14,8,5
494,2615,72,14,8,5
495,2615,72,14,8,5
496,2615,72,14,8,5
497,2615,72,14,8,5
498,2615,72,14,8,5
499,2615,72,14,8,5
