update,prey_seen,prey_consumed,predator_vision,predator_vision_height,predator_vision_width
0,0,0,0,0,0
1,9,1,39,3,15
2,13,1,39,3,15
3,18,1,39,3,15
4,21,1,39,3,15
5,33,2,39,3,15
6,39,2,39,3,15
7,41,2,39,3,15
8,45,3,39,3,15
9,46,3,39,3,15
10,48,3,39,3,15
11,51,3,39,3,15
12,54,3,39,3,15
13,64,3,39,3,15
14,68,3,39,3,15
15,70,4,39,3,15
16,71,5,39,3,15
17,71,5,39,3,15
18,71,5,39,3,15
19,74,5,39,3,15
20,77,6,39,3,15
21,79,6,39,3,15
22,80,6,39,3,15
23,81,6,39,3,15
24,81,6,39,3,15
25,84,6,39,3,15
26,86,6,39,3,15
27,91,6,39,3,15
28,97,6,39,3,15
29,104,7,39,3,15
30,107,8,39,3,15
31,109,9,39,3,15
32,111,10,39,3,15
33,116,10,39,3,15
34,119,10,39,3,15
35,121,10,39,3,15
36,123,10,39,3,15
37,127,10,39,3,15
38,132,11,39,3,15
39,133,12,39,3,15
40,133,12,39,3,15
41,134,12,39,3,15
42,136,12,39,3,15
43,144,13,39,3,15
44,145,13,39,3,15
45,148,14,39,3,15
46,151,15,39,3,15
47,152,15,39,3,15
48,156,15,39,3,15
49,161,17,39,3,15
50,166,17,39,3,15
51,168,17,39,3,15
52,168,17,39,3,15
53,168,17,39,3,15
54,172,17,39,3,15
55,176,17,39,3,15
56,181,18,39,3,15
57,184,19,39,3,15
58,188,20,39,3,15
59,188,20,39,3,15
60,190,20,39,3,15
61,194,20,39,3,15
62,196,20,39,3,15
63,199,21,39,3,15
64,199,21,39,3,15
65,199,21,39,3,15
66,199,21,39,3,15
67,201,21,39,3,15
68,204,21,39,3,15
69,205,21,39,3,15
70,206,21,39,3,15
71,210,22,39,3,15
72,212,22,39,3,15
73,213,22,39,3,15
74,214,22,39,3,15
75,215,22,39,3,15
76,217,22,39,3,15
77,219,22,39,3,15
78,220,22,39,3,15
79,221,22,39,3,15
80,222,22,39,3,15
81,227,22,39,3,15
82,229,22,39,3,15
83,231,22,39,3,15
84,232,22,39,3,15
85,234,22,39,3,15
86,235,23,39,3,15
87,239,24,39,3,15
88,240,24,39,3,15
89,241,24,39,3,15
90,243,25,39,3,15
91,244,25,39,3,15
92,245,25,39,3,15
93,246,25,39,3,15
94,247,25,39,3,15
95,248,25,39,3,15
96,248,25,39,3,15
97,250,26,39,3,15
98,250,26,39,3,15
99,250,26,39,3,15
100,251,26,39,3,15
101,253,27,39,3,15
102,258,27,39,3,15
103,264,28,39,3,15
104,265,28,39,3,15
105,266,28,39,3,15
106,267,28,39,3,15
107,269,28,39,3,15
108,271,29,39,3,15
109,272,29,39,3,15
110,274,29,39,3,15
111,278,29,39,3,15
112,283,30,39,3,15
113,285,31,39,3,15
114,285,31,39,3,15
115,287,31,39,3,15
116,288,31,39,3,15
117,288,31,39,3,15
118,288,31,39,3,15
119,289,31,39,3,15
120,290,31,39,3,15
121,290,31,39,3,15
122,291,31,39,3,15
123,295,31,39,3,15
124,297,31,39,3,15
125,300,31,39,3,15
126,304,31,39,3,15
127,305,31,39,3,15
128,307,31,39,3,15
129,309,31,39,3,15
130,310,31,39,3,15
131,311,31,39,3,15
132,312,31,39,3,15
133,312,31,39,3,15
134,316,31,39,3,15
135,317,31,39,3,15
136,317,31,39,3,15
137,317,31,39,3,15
138,318,31,39,3,15
139,320,31,39,3,15
140,322,31,39,3,15
141,322,31,39,3,15
142,324,31,39,3,15
143,324,31,39,3,15
144,324,31,39,3,15
145,326,31,39,3,15
146,327,31,39,3,15
147,330,32,39,3,15
148,332,32,39,3,15
149,338,32,39,3,15
150,340,33,39,3,15
151,341,33,39,3,15
152,341,33,39,3,15
153,342,33,39,3,15
154,342,33,39,3,15
155,342,33,39,3,15
156,343,33,39,3,15
157,345,33,39,3,15
158,348,33,39,3,15
159,354,34,39,3,15
160,355,34,39,3,15
161,357,34,39,3,15
162,359,35,39,3,15
163,360,35,39,3,15
164,361,35,39,3,15
165,366,35,39,3,15
166,368,36,39,3,15
167,369,36,39,3,15
168,374,37,39,3,15
169,374,37,39,3,15
170,376,37,39,3,15
171,376,37,39,3,15
172,376,37,39,3,15
173,378,37,39,3,15
174,381,37,39,3,15
175,382,37,39,3,15
176,384,37,39,3,15
177,389,38,39,3,15
178,391,38,39,3,15
179,394,38,39,3,15
180,395,38,39,3,15
181,398,39,39,3,15
182,400,39,39,3,15
183,404,39,39,3,15
184,405,40,39,3,15
185,410,40,39,3,15
186,412,40,39,3,15
187,412,40,39,3,15
188,414,40,39,3,15
189,416,41,39,3,15
190,418,41,39,3,15
191,421,41,39,3,15
192,422,41,39,3,15
193,425,42,39,3,15
194,431,43,39,3,15
195,442,43,39,3,15
196,446,44,39,3,15
197,447,45,39,3,15
198,448,45,39,3,15
199,449,45,39,3,15
200,450,45,39,3,15
201,452,46,39,3,15
202,452,46,39,3,15
203,454,46,39,3,15
204,455,46,39,3,15
205,457,46,39,3,15
206,459,46,39,3,15
207,462,46,39,3,15
208,464,47,39,3,15
209,464,47,39,3,15
210,465,47,39,3,15
211,466,47,39,3,15
212,468,47,39,3,15
213,468,47,39,3,15
214,468,47,39,3,15
215,468,47,39,3,15
216,468,47,39,3,15
217,468,47,39,3,15
218,470,47,39,3,15
219,472,47,39,3,15
220,472,47,39,3,15
221,476,47,39,3,15
222,480,48,39,3,15
223,488,48,39,3,15
224,490,48,39,3,15
225,493,48,39,3,15
226,497,49,39,3,15
227,498,49,39,3,15
228,500,50,39,3,15
229,503,51,39,3,15
230,508,51,39,3,15
231,510,51,39,3,15
232,511,51,39,3,15
233,512,51,39,3,15
234,516,51,39,3,15
235,521,52,39,3,15
236,526,53,39,3,15
237,530,53,39,3,15
238,532,53,39,3,15
239,534,53,39,3,15
240,536,54,39,3,15
241,538,54,39,3,15
242,539,55,39,3,15
243,539,55,39,3,15
244,541,56,39,3,15
245,542,56,39,3,15
246,544,56,39,3,15
247,550,58,39,3,15
248,551,58,39,3,15
249,552,58,39,3,15
250,554,58,39,3,15
251,557,59,39,3,15
252,559,59,39,3,15
253,562,59,39,3,15
254,566,59,39,3,15
255,570,59,39,3,15
256,572,60,39,3,15
257,572,60,39,3,15
258,572,60,39,3,15
259,573,61,39,3,15
260,573,61,39,3,15
261,573,61,39,3,15
262,574,61,39,3,15
263,576,61,39,3,15
264,577,61,39,3,15
265,581,61,39,3,15
266,584,62,39,3,15
267,586,62,39,3,15
268,590,62,39,3,15
269,590,62,39,3,15
270,592,62,39,3,15
271,595,62,39,3,15
272,595,62,39,3,15
273,597,62,39,3,15
274,600,62,39,3,15
275,603,63,39,3,15
276,604,63,39,3,15
277,604,63,39,3,15
278,605,63,39,3,15
279,607,63,39,3,15
280,609,63,39,3,15
281,610,63,39,3,15
282,610,63,39,3,15
283,610,63,39,3,15
284,611,63,39,3,15
285,611,63,39,3,15
286,614,63,39,3,15
287,615,63,39,3,15
288,616,63,39,3,15
289,617,63,39,3,15
290,619,63,39,3,15
291,620,63,39,3,15
292,622,63,39,3,15
293,622,63,39,3,15
294,622,63,39,3,15
295,624,64,39,3,15
296,624,64,39,3,15
297,624,64,39,3,15
298,625,64,39,3,15
299,625,64,39,3,15
300,626,64,39,3,15
301,626,64,39,3,15
302,627,64,39,3,15
303,628,64,39,3,15
304,628,64,39,3,15
305,629,64,39,3,15
306,630,64,39,3,15
307,630,64,39,3,15
308,630,64,39,3,15
309,631,64,39,3,15
310,633,66,39,3,15
311,634,66,39,3,15
312,636,66,39,3,15
313,639,66,39,3,15
314,641,66,39,3,15
315,645,66,39,3,15
316,645,66,39,3,15
317,645,66,39,3,15
318,645,66,39,3,15
319,646,66,39,3,15
320,648,66,39,3,15
321,652,66,39,3,15
322,658,66,39,3,15
323,658,66,39,3,15
324,659,66,39,3,15
325,661,66,39,3,15
326,663,66,39,3,15
327,663,66,39,3,15
328,665,66,39,3,15
329,665,66,39,3,15
330,665,66,39,3,15
331,666,67,39,3,15
332,666,67,39,3,15
333,666,67,39,3,15
334,669,67,39,3,15
335,669,67,39,3,15
336,670,67,39,3,15
337,672,68,39,3,15
338,672,68,39,3,15
339,673,68,39,3,15
340,674,69,39,3,15
341,674,69,39,3,15
342,674,69,39,3,15
343,674,69,39,3,15
344,678,69,39,3,15
345,680,69,39,3,15
346,681,69,39,3,15
347,684,69,39,3,15
348,685,69,39,3,15
349,686,69,39,3,15
350,686,69,39,3,15
351,686,69,39,3,15
352,688,70,39,3,15
353,688,70,39,3,15
354,688,70,39,3,15
355,688,70,39,3,15
356,689,70,39,3,15
357,692,71,39,3,15
358,692,71,39,3,15
359,694,71,39,3,15
360,696,71,39,3,15
361,697,71,39,3,15
362,699,72,39,3,15
363,700,72,39,3,15
364,700,72,39,3,15
365,703,73,39,3,15
366,704,73,39,3,15
367,704,73,39,3,15
368,704,73,39,3,15
369,704,73,39,3,15
370,704,73,39,3,15
371,704,73,39,3,15
372,707,74,39,3,15
373,707,74,39,3,15
374,709,74,39,3,15
375,711,74,39,3,15
376,713,74,39,3,15
377,713,74,39,3,15
378,715,75,39,3,15
379,716,75,39,3,15
380,716,75,39,3,15
381,717,75,39,3,15
382,717,75,39,3,15
383,718,75,39,3,15
384,721,75,39,3,15
385,723,75,39,3,15
386,724,75,39,3,15
387,726,75,39,3,15
388,732,75,39,3,15
389,732,75,39,3,15
390,733,75,39,3,15
391,733,75,39,3,15
392,733,75,39,3,15
393,734,75,39,3,15
394,737,75,39,3,15
395,738,76,39,3,15
396,740,77,39,3,15
397,740,77,39,3,15
398,741,77,39,3,15
399,741,77,39,3,15
400,741,77,39,3,15
401,741,77,39,3,15
402,741,77,39,3,15
403,741,77,39,3,15
404,742,77,39,3,15
405,744,77,39,3,15
406,744,77,39,3,15
407,744,77,39,3,15
408,744,77,39,3,15
409,744,77,39,3,15
410,745,77,39,3,15
411,745,77,39,3,15
412,745,77,39,3,15
413,745,77,39,3,15
414,745,77,39,3,15
415,745,77,39,3,15
416,745,77,39,3,15
417,745,77,39,3,15
418,745,77,39,3,15
419,746,78,39,3,15
420,746,78,39,3,15
421,746,78,39,3,15
422,746,78,39,3,15
423,748,78,39,3,15
424,749,78,39,3,15
425,750,78,39,3,15
426,750,78,39,3,15
427,750,78,39,3,15
428,750,78,39,3,15
429,750,78,39,3,15
430,750,78,39,3,15
431,750,78,39,3,15
432,750,78,39,3,15
433,750,78,39,3,15
434,750,78,39,3,15
435,753,78,39,3,15
436,754,78,39,3,15
437,754,78,39,3,15
438,754,78,39,3,15
439,754,78,39,3,15
440,755,78,39,3,15
441,755,78,39,3,15
442,755,78,39,3,15
443,755,78,39,3,15
444,755,78,39,3,15
445,756,78,39,3,15
446,757,79,39,3,15
447,757,79,39,3,15
448,760,79,39,3,15
449,761,80,39,3,15
450,761,80,39,3,15
451,761,80,39,3,15
452,762,80,39,3,15
453,763,80,39,3,15
454,763,80,39,3,15
455,763,80,39,3,15
456,763,80,39,3,15
457,764,81,39,3,15
458,764,81,39,3,15
459,764,81,39,3,15
460,764,81,39,3,15
461,764,81,39,3,15
462,764,81,39,3,15
463,764,81,39,3,15
464,764,81,39,3,15
465,764,81,39,3,15
466,764,81,39,3,15
467,764,81,39,3,15
468,764,81,39,3,15
469,764,81,39,3,15
470,764,81,39,3,15
471,764,81,39,3,15
472,764,81,39,3,15
473,764,81,39,3,15
474,764,81,39,3,15
475,766,82,39,3,15
476,766,82,39,3,15
477,766,82,39,3,15
478,766,82,39,3,15
479,766,82,39,3,15
480,766,82,39,3,15
481,766,82,39,3,15
482,766,82,39,3,15
483,766,82,39,3,15
484,766,82,39,3,15
485,766,82,39,3,15
486,766,82,39,3,15
487,766,82,39,3,15
488,766,82,39,3,15
489,766,82,39,3,15
490,766,82,39,3,15
491,767,82,39,3,15
492,769,83,39,3,15
493,770,83,39,3,15
494,771,83,39,3,15
495,771,83,39,3,15
496,771,83,39,3,15
497,771,83,39,3,15
498,772,83,39,3,15
499,772,83,39,3,15
0,772,83,39,3,15
1,774,1,12,2,7
2,775,2,12,2,7
3,776,3,12,2,7
4,776,3,12,2,7
5,776,3,12,2,7
6,776,3,12,2,7
7,778,4,12,2,7
8,779,4,12,2,7
9,779,4,12,2,7
10,779,4,12,2,7
11,779,4,12,2,7
12,779,4,12,2,7
13,779,4,12,2,7
14,780,4,12,2,7
15,781,5,12,2,7
16,781,5,12,2,7
17,781,5,12,2,7
18,781,5,12,2,7
19,782,5,12,2,7
20,785,6,12,2,7
21,786,7,12,2,7
22,788,8,12,2,7
23,789,9,12,2,7
24,789,9,12,2,7
25,790,10,12,2,7
26,790,10,12,2,7
27,790,10,12,2,7
28,790,10,12,2,7
29,793,10,12,2,7
30,793,10,12,2,7
31,793,10,12,2,7
32,793,10,12,2,7
33,795,11,12,2,7
34,796,11,12,2,7
35,796,11,12,2,7
36,796,11,12,2,7
37,797,11,12,2,7
38,798,11,12,2,7
39,799,12,12,2,7
40,800,12,12,2,7
41,801,13,12,2,7
42,801,13,12,2,7
43,801,13,12,2,7
44,802,14,12,2,7
45,803,14,12,2,7
46,803,14,12,2,7
47,804,15,12,2,7
48,805,16,12,2,7
49,805,16,12,2,7
50,806,17,12,2,7
51,807,17,12,2,7
52,808,17,12,2,7
53,810,17,12,2,7
54,812,18,12,2,7
55,813,18,12,2,7
56,813,18,12,2,7
57,813,18,12,2,7
58,813,18,12,2,7
59,814,18,12,2,7
60,815,18,12,2,7
61,816,19,12,2,7
62,816,19,12,2,7
63,817,19,12,2,7
64,819,20,12,2,7
65,820,20,12,2,7
66,820,20,12,2,7
67,820,20,12,2,7
68,820,20,12,2,7
69,820,20,12,2,7
70,820,20,12,2,7
71,823,21,12,2,7
72,823,21,12,2,7
73,823,21,12,2,7
74,823,21,12,2,7
75,825,23,12,2,7
76,825,23,12,2,7
77,825,23,12,2,7
78,826,23,12,2,7
79,827,24,12,2,7
80,827,24,12,2,7
81,827,24,12,2,7
82,828,25,12,2,7
83,829,26,12,2,7
84,829,26,12,2,7
85,830,27,12,2,7
86,830,27,12,2,7
87,830,27,12,2,7
88,830,27,12,2,7
89,830,27,12,2,7
90,830,27,12,2,7
91,832,28,12,2,7
92,832,28,12,2,7
93,833,28,12,2,7
94,833,28,12,2,7
95,834,29,12,2,7
96,836,30,12,2,7
97,836,30,12,2,7
98,837,30,12,2,7
99,838,30,12,2,7
100,839,30,12,2,7
101,840,31,12,2,7
102,840,31,12,2,7
103,840,31,12,2,7
104,840,31,12,2,7
105,840,31,12,2,7
106,840,31,12,2,7
107,841,31,12,2,7
108,843,32,12,2,7
109,843,32,12,2,7
110,844,32,12,2,7
111,845,33,12,2,7
112,846,33,12,2,7
113,847,34,12,2,7
114,847,34,12,2,7
115,847,34,12,2,7
116,850,35,12,2,7
117,852,36,12,2,7
118,852,36,12,2,7
119,852,36,12,2,7
120,854,37,12,2,7
121,854,37,12,2,7
122,854,37,12,2,7
123,854,37,12,2,7
124,855,37,12,2,7
125,855,37,12,2,7
126,855,37,12,2,7
127,857,38,12,2,7
128,857,38,12,2,7
129,857,38,12,2,7
130,857,38,12,2,7
131,857,38,12,2,7
132,860,40,12,2,7
133,860,40,12,2,7
134,861,41,12,2,7
135,861,41,12,2,7
136,861,41,12,2,7
137,861,41,12,2,7
138,861,41,12,2,7
139,862,41,12,2,7
140,863,42,12,2,7
141,863,42,12,2,7
142,863,42,12,2,7
143,863,42,12,2,7
144,863,42,12,2,7
145,865,42,12,2,7
146,866,42,12,2,7
147,867,42,12,2,7
148,867,42,12,2,7
149,868,43,12,2,7
150,871,44,12,2,7
151,873,45,12,2,7
152,873,45,12,2,7
153,873,45,12,2,7
154,876,45,12,2,7
155,878,46,12,2,7
156,878,46,12,2,7
157,878,46,12,2,7
158,878,46,12,2,7
159,878,46,12,2,7
160,878,46,12,2,7
161,878,46,12,2,7
162,878,46,12,2,7
163,878,46,12,2,7
164,878,46,12,2,7
165,878,46,12,2,7
166,878,46,12,2,7
167,878,46,12,2,7
168,878,46,12,2,7
169,880,47,12,2,7
170,880,47,12,2,7
171,880,47,12,2,7
172,880,47,12,2,7
173,881,47,12,2,7
174,881,47,12,2,7
175,881,47,12,2,7
176,881,47,12,2,7
177,881,47,12,2,7
178,881,47,12,2,7
179,881,47,12,2,7
180,881,47,12,2,7
181,881,47,12,2,7
182,881,47,12,2,7
183,881,47,12,2,7
184,883,47,12,2,7
185,884,47,12,2,7
186,884,47,12,2,7
187,884,47,12,2,7
188,885,48,12,2,7
189,885,48,12,2,7
190,886,48,12,2,7
191,887,49,12,2,7
192,887,49,12,2,7
193,887,49,12,2,7
194,888,50,12,2,7
195,888,50,12,2,7
196,888,50,12,2,7
197,888,50,12,2,7
198,888,50,12,2,7
199,888,50,12,2,7
200,888,50,12,2,7
201,889,50,12,2,7
202,890,51,12,2,7
203,890,51,12,2,7
204,890,51,12,2,7
205,890,51,12,2,7
206,890,51,12,2,7
207,890,51,12,2,7
208,890,51,12,2,7
209,890,51,12,2,7
210,892,52,12,2,7
211,893,53,12,2,7
212,893,53,12,2,7
213,893,53,12,2,7
214,894,53,12,2,7
215,895,53,12,2,7
216,896,53,12,2,7
217,897,54,12,2,7
218,897,54,12,2,7
219,897,54,12,2,7
220,897,54,12,2,7
221,897,54,12,2,7
222,898,54,12,2,7
223,900,55,12,2,7
224,901,56,12,2,7
225,901,56,12,2,7
226,901,56,12,2,7
227,901,56,12,2,7
228,901,56,12,2,7
229,901,56,12,2,7
230,903,56,12,2,7
231,906,56,12,2,7
232,906,56,12,2,7
233,907,56,12,2,7
234,908,57,12,2,7
235,908,57,12,2,7
236,908,57,12,2,7
237,908,57,12,2,7
238,908,57,12,2,7
239,909,58,12,2,7
240,909,58,12,2,7
241,910,58,12,2,7
242,910,58,12,2,7
243,910,58,12,2,7
244,911,58,12,2,7
245,911,58,12,2,7
246,911,58,12,2,7
247,911,58,12,2,7
248,911,58,12,2,7
249,911,58,12,2,7
250,911,58,12,2,7
251,911,58,12,2,7
252,911,58,12,2,7
253,911,58,12,2,7
254,911,58,12,2,7
255,911,58,12,2,7
256,911,58,12,2,7
257,911,58,12,2,7
258,911,58,12,2,7
259,911,58,12,2,7
260,911,58,12,2,7
261,911,58,12,2,7
262,911,58,12,2,7
263,911,58,12,2,7
264,912,58,12,2,7
265,912,58,12,2,7
266,912,58,12,2,7
267,912,58,12,2,7
268,912,58,12,2,7
269,912,58,12,2,7
270,912,58,12,2,7
271,912,58,12,2,7
272,912,58,12,2,7
273,914,58,12,2,7
274,915,58,12,2,7
275,915,58,12,2,7
276,915,58,12,2,7
277,915,58,12,2,7
278,915,58,12,2,7
279,915,58,12,2,7
280,915,58,12,2,7
281,915,58,12,2,7
282,915,58,12,2,7
283,915,58,12,2,7
284,915,58,12,2,7
285,915,58,12,2,7
286,915,58,12,2,7
287,915,58,12,2,7
288,915,58,12,2,7
289,916,58,12,2,7
290,917,59,12,2,7
291,919,59,12,2,7
292,919,59,12,2,7
293,919,59,12,2,7
294,920,59,12,2,7
295,920,59,12,2,7
296,920,59,12,2,7
297,920,59,12,2,7
298,920,59,12,2,7
299,920,59,12,2,7
300,920,59,12,2,7
301,920,59,12,2,7
302,920,59,12,2,7
303,920,59,12,2,7
304,920,59,12,2,7
305,920,59,12,2,7
306,920,59,12,2,7
307,920,59,12,2,7
308,920,59,12,2,7
309,920,59,12,2,7
310,920,59,12,2,7
311,920,59,12,2,7
312,920,59,12,2,7
313,920,59,12,2,7
314,922,60,12,2,7
315,922,60,12,2,7
316,922,60,12,2,7
317,922,60,12,2,7
318,922,60,12,2,7
319,922,60,12,2,7
320,922,60,12,2,7
321,922,60,12,2,7
322,922,60,12,2,7
323,922,60,12,2,7
324,922,60,12,2,7
325,922,60,12,2,7
326,922,60,12,2,7
327,922,60,12,2,7
328,922,60,12,2,7
329,922,60,12,2,7
330,922,60,12,2,7
331,922,60,12,2,7
332,922,60,12,2,7
333,922,60,12,2,7
334,922,60,12,2,7
335,922,60,12,2,7
336,922,60,12,2,7
337,922,60,12,2,7
338,922,60,12,2,7
339,922,60,12,2,7
340,922,60,12,2,7
341,922,60,12,2,7
342,922,60,12,2,7
343,922,60,12,2,7
344,922,60,12,2,7
345,922,60,12,2,7
346,922,60,12,2,7
347,922,60,12,2,7
348,922,60,12,2,7
349,922,60,12,2,7
350,922,60,12,2,7
351,922,60,12,2,7
352,922,60,12,2,7
353,922,60,12,2,7
354,922,60,12,2,7
355,922,60,12,2,7
356,922,60,12,2,7
357,922,60,12,2,7
358,922,60,12,2,7
359,922,60,12,2,7
360,922,60,12,2,7
361,922,60,12,2,7
362,922,60,12,2,7
363,922,60,12,2,7
364,923,60,12,2,7
365,924,61,12,2,7
366,924,61,12,2,7
367,924,61,12,2,7
368,924,61,12,2,7
369,924,61,12,2,7
370,924,61,12,2,7
371,924,61,12,2,7
372,925,61,12,2,7
373,926,62,12,2,7
374,926,62,12,2,7
375,926,62,12,2,7
376,926,62,12,2,7
377,928,63,12,2,7
378,929,64,12,2,7
379,929,64,12,2,7
380,929,64,12,2,7
381,929,64,12,2,7
382,929,64,12,2,7
383,929,64,12,2,7
384,929,64,12,2,7
385,929,64,12,2,7
386,929,64,12,2,7
387,929,64,12,2,7
388,929,64,12,2,7
389,929,64,12,2,7
390,929,64,12,2,7
391,929,64,12,2,7
392,929,64,12,2,7
393,929,64,12,2,7
394,929,64,12,2,7
395,929,64,12,2,7
396,930,64,12,2,7
397,931,65,12,2,7
398,931,65,12,2,7
399,931,65,12,2,7
400,931,65,12,2,7
401,931,65,12,2,7
402,931,65,12,2,7
403,932,66,12,2,7
404,932,66,12,2,7
405,932,66,12,2,7
406,932,66,12,2,7
407,932,66,12,2,7
408,932,66,12,2,7
409,933,66,12,2,7
410,933,66,12,2,7
411,933,66,12,2,7
412,933,66,12,2,7
413,933,66,12,2,7
414,933,66,12,2,7
415,933,66,12,2,7
416,933,66,12,2,7
417,933,66,12,2,7
418,935,67,12,2,7
419,935,67,12,2,7
420,935,67,12,2,7
421,935,67,12,2,7
422,935,67,12,2,7
423,935,67,12,2,7
424,935,67,12,2,7
425,935,67,12,2,7
426,935,67,12,2,7
427,935,67,12,2,7
428,935,67,12,2,7
429,935,67,12,2,7
430,935,67,12,2,7
431,935,67,12,2,7
432,935,67,12,2,7
433,935,67,12,2,7
434,935,67,12,2,7
435,935,67,12,2,7
436,935,67,12,2,7
437,935,67,12,2,7
438,935,67,12,2,7
439,935,67,12,2,7
440,935,67,12,2,7
441,935,67,12,2,7
442,935,67,12,2,7
443,935,67,12,2,7
444,935,67,12,2,7
445,935,67,12,2,7
446,935,67,12,2,7
447,935,67,12,2,7
448,935,67,12,2,7
449,935,67,12,2,7
450,935,67,12,2,7
451,935,67,12,2,7
452,935,67,12,2,7
453,935,67,12,2,7
454,935,67,12,2,7
455,935,67,12,2,7
456,935,67,12,2,7
457,935,67,12,2,7
458,935,67,12,2,7
459,935,67,12,2,7
460,935,67,12,2,7
461,937,68,12,2,7
462,937,68,12,2,7
463,937,68,12,2,7
464,937,68,12,2,7
465,937,68,12,2,7
466,937,68,12,2,7
467,937,68,12,2,7
468,937,68,12,2,7
469,937,68,12,2,7
470,937,68,12,2,7
471,937,68,12,2,7
472,937,68,12,2,7
473,937,68,12,2,7
474,937,68,12,2,7
475,937,68,12,2,7
476,937,68,12,2,7
477,937,68,12,2,7
478,937,68,12,2,7
479,937,68,12,2,7
480,937,68,12,2,7
481,937,68,12,2,7
482,937,68,12,2,7
483,937,68,12,2,7
484,938,68,12,2,7
485,938,68,12,2,7
486,938,68,12,2,7
487,938,68,12,2,7
488,938,68,12,2,7
489,938,68,12,2,7
490,938,68,12,2,7
491,938,68,12,2,7
492,938,68,12,2,7
493,938,68,12,2,7
494,938,68,12,2,7
495,938,68,12,2,7
496,938,68,12,2,7
497,938,68,12,2,7
498,938,68,12,2,7
499,938,68,12,2,7
0,938,68,12,2,7
1,939,1,9,3,5
2,939,1,9,3,5
3,939,1,9,3,5
4,939,1,9,3,5
5,939,1,9,3,5
6,940,1,9,3,5
7,941,1,9,3,5
8,941,1,9,3,5
9,941,1,9,3,5
10,941,1,9,3,5
11,941,1,9,3,5
12,941,1,9,3,5
13,941,1,9,3,5
14,941,1,9,3,5
15,942,1,9,3,5
16,943,2,9,3,5
17,943,2,9,3,5
18,943,2,9,3,5
19,943,2,9,3,5
20,944,3,9,3,5
21,945,4,9,3,5
22,945,4,9,3,5
23,945,4,9,3,5
24,947,5,9,3,5
25,947,5,9,3,5
26,947,5,9,3,5
27,949,6,9,3,5
28,949,6,9,3,5
29,950,6,9,3,5
30,950,6,9,3,5
31,950,6,9,3,5
32,951,6,9,3,5
33,952,6,9,3,5
34,952,6,9,3,5
35,953,7,9,3,5
36,953,7,9,3,5
37,955,8,9,3,5
38,955,8,9,3,5
39,957,9,9,3,5
40,958,10,9,3,5
41,958,10,9,3,5
42,959,11,9,3,5
43,960,12,9,3,5
44,960,12,9,3,5
45,961,13,9,3,5
46,961,13,9,3,5
47,962,13,9,3,5
48,962,13,9,3,5
49,962,13,9,3,5
50,962,13,9,3,5
51,962,13,9,3,5
52,962,13,9,3,5
53,962,13,9,3,5
54,964,14,9,3,5
55,964,14,9,3,5
56,964,14,9,3,5
57,964,14,9,3,5
58,965,14,9,3,5
59,966,15,9,3,5
60,966,15,9,3,5
61,967,15,9,3,5
62,967,15,9,3,5
63,967,15,9,3,5
64,967,15,9,3,5
65,967,15,9,3,5
66,967,15,9,3,5
67,967,15,9,3,5
68,970,16,9,3,5
69,971,16,9,3,5
70,972,17,9,3,5
71,972,17,9,3,5
72,973,17,9,3,5
73,974,17,9,3,5
74,975,17,9,3,5
75,976,17,9,3,5
76,980,17,9,3,5
77,982,18,9,3,5
78,985,19,9,3,5
79,985,19,9,3,5
80,985,19,9,3,5
81,985,19,9,3,5
82,985,19,9,3,5
83,985,19,9,3,5
84,985,19,9,3,5
85,987,20,9,3,5
86,987,20,9,3,5
87,989,21,9,3,5
88,989,21,9,3,5
89,989,21,9,3,5
90,989,21,9,3,5
91,989,21,9,3,5
92,990,21,9,3,5
93,990,21,9,3,5
94,991,22,9,3,5
95,992,23,9,3,5
96,992,23,9,3,5
97,992,23,9,3,5
98,992,23,9,3,5
99,992,23,9,3,5
100,992,23,9,3,5
101,992,23,9,3,5
102,992,23,9,3,5
103,992,23,9,3,5
104,992,23,9,3,5
105,992,23,9,3,5
106,992,23,9,3,5
107,992,23,9,3,5
108,992,23,9,3,5
109,994,24,9,3,5
110,994,24,9,3,5
111,994,24,9,3,5
112,994,24,9,3,5
113,994,24,9,3,5
114,994,24,9,3,5
115,994,24,9,3,5
116,995,24,9,3,5
117,995,24,9,3,5
118,995,24,9,3,5
119,995,24,9,3,5
120,996,24,9,3,5
121,997,25,9,3,5
122,998,26,9,3,5
123,998,26,9,3,5
124,998,26,9,3,5
125,998,26,9,3,5
126,999,26,9,3,5
127,1000,27,9,3,5
128,1001,27,9,3,5
129,1003,28,9,3,5
130,1006,30,9,3,5
131,1006,30,9,3,5
132,1006,30,9,3,5
133,1007,30,9,3,5
134,1008,31,9,3,5
135,1009,31,9,3,5
136,1009,31,9,3,5
137,1009,31,9,3,5
138,1009,31,9,3,5
139,1009,31,9,3,5
140,1010,32,9,3,5
141,1011,33,9,3,5
142,1011,33,9,3,5
143,1011,33,9,3,5
144,1012,34,9,3,5
145,1012,34,9,3,5
146,1013,34,9,3,5
147,1014,34,9,3,5
148,1015,34,9,3,5
149,1015,34,9,3,5
150,1015,34,9,3,5
151,1015,34,9,3,5
152,1015,34,9,3,5
153,1016,35,9,3,5
154,1016,35,9,3,5
155,1016,35,9,3,5
156,1016,35,9,3,5
157,1016,35,9,3,5
158,1016,35,9,3,5
159,1016,35,9,3,5
160,1016,35,9,3,5
161,1016,35,9,3,5
162,1016,35,9,3,5
163,1017,36,9,3,5
164,1017,36,9,3,5
165,1017,36,9,3,5
166,1017,36,9,3,5
167,1017,36,9,3,5
168,1017,36,9,3,5
169,1017,36,9,3,5
170,1017,36,9,3,5
171,1017,36,9,3,5
172,1017,36,9,3,5
173,1017,36,9,3,5
174,1017,36,9,3,5
175,1017,36,9,3,5
176,1017,36,9,3,5
177,1017,36,9,3,5
178,1017,36,9,3,5
179,1017,36,9,3,5
180,1017,36,9,3,5
181,1017,36,9,3,5
182,1017,36,9,3,5
183,1017,36,9,3,5
184,1017,36,9,3,5
185,1017,36,9,3,5
186,1017,36,9,3,5
187,1017,36,9,3,5
188,1018,37,9,3,5
189,1018,37,9,3,5
190,1019,37,9,3,5
191,1019,37,9,3,5
192,1019,37,9,3,5
193,1020,37,9,3,5
194,1020,37,9,3,5
195,1020,37,9,3,5
196,1021,38,9,3,5
197,1021,38,9,3,5
198,1021,38,9,3,5
199,1021,38,9,3,5
200,1022,39,9,3,5
201,1022,39,9,3,5
202,1023,40,9,3,5
203,1023,40,9,3,5
204,1023,40,9,3,5
205,1023,40,9,3,5
206,1023,40,9,3,5
207,1023,40,9,3,5
208,1023,40,9,3,5
209,1023,40,9,3,5
210,1023,40,9,3,5
211,1023,40,9,3,5
212,1024,41,9,3,5
213,1024,41,9,3,5
214,1025,42,9,3,5
215,1025,42,9,3,5
216,1025,42,9,3,5
217,1025,42,9,3,5
218,1025,42,9,3,5
219,1025,42,9,3,5
220,1025,42,9,3,5
221,1025,42,9,3,5
222,1026,42,9,3,5
223,1026,42,9,3,5
224,1026,42,9,3,5
225,1026,42,9,3,5
226,1026,42,9,3,5
227,1026,42,9,3,5
228,1026,42,9,3,5
229,1026,42,9,3,5
230,1026,42,9,3,5
231,1026,42,9,3,5
232,1026,42,9,3,5
233,1027,42,9,3,5
234,1029,42,9,3,5
235,1029,42,9,3,5
236,1029,42,9,3,5
237,1030,43,9,3,5
238,1030,43,9,3,5
239,1030,43,9,3,5
240,1030,43,9,3,5
241,1030,43,9,3,5
242,1030,43,9,3,5
243,1030,43,9,3,5
244,1030,43,9,3,5
245,1030,43,9,3,5
246,1031,44,9,3,5
247,1031,44,9,3,5
248,1031,44,9,3,5
249,1032,45,9,3,5
250,1033,45,9,3,5
251,1033,45,9,3,5
252,1033,45,9,3,5
253,1034,46,9,3,5
254,1034,46,9,3,5
255,1034,46,9,3,5
256,1034,46,9,3,5
257,1035,46,9,3,5
258,1037,47,9,3,5
259,1037,47,9,3,5
260,1037,47,9,3,5
261,1037,47,9,3,5
262,1037,47,9,3,5
263,1037,47,9,3,5
264,1037,47,9,3,5
265,1037,47,9,3,5
266,1037,47,9,3,5
267,1037,47,9,3,5
268,1037,47,9,3,5
269,1037,47,9,3,5
270,1038,48,9,3,5
271,1038,48,9,3,5
272,1038,48,9,3,5
273,1038,48,9,3,5
274,1038,48,9,3,5
275,1038,48,9,3,5
276,1038,48,9,3,5
277,1038,48,9,3,5
278,1038,48,9,3,5
279,1038,48,9,3,5
280,1038,48,9,3,5
281,1038,48,9,3,5
282,1038,48,9,3,5
283,1038,48,9,3,5
284,1038,48,9,3,5
285,1039,49,9,3,5
286,1039,49,9,3,5
287,1039,49,9,3,5
288,1039,49,9,3,5
289,1040,50,9,3,5
290,1040,50,9,3,5
291,1040,50,9,3,5
292,1040,50,9,3,5
293,1040,50,9,3,5
294,1040,50,9,3,5
295,1041,51,9,3,5
296,1041,51,9,3,5
297,1041,51,9,3,5
298,1041,51,9,3,5
299,1041,51,9,3,5
300,1041,51,9,3,5
301,1041,51,9,3,5
302,1041,51,9,3,5
303,1041,51,9,3,5
304,1041,51,9,3,5
305,1042,52,9,3,5
306,1042,52,9,3,5
307,1042,52,9,3,5
308,1042,52,9,3,5
309,1042,52,9,3,5
310,1042,52,9,3,5
311,1042,52,9,3,5
312,1042,52,9,3,5
313,1042,52,9,3,5
314,1042,52,9,3,5
315,1042,52,9,3,5
316,1042,52,9,3,5
317,1042,52,9,3,5
318,1043,52,9,3,5
319,1044,52,9,3,5
320,1044,52,9,3,5
321,1044,52,9,3,5
322,1044,52,9,3,5
323,1044,52,9,3,5
324,1044,52,9,3,5
325,1044,52,9,3,5
326,1044,52,9,3,5
327,1044,52,9,3,5
328,1044,52,9,3,5
329,1044,52,9,3,5
330,1044,52,9,3,5
331,1044,52,9,3,5
332,1044,52,9,3,5
333,1045,53,9,3,5
334,1045,53,9,3,5
335,1045,53,9,3,5
336,1045,53,9,3,5
337,1045,53,9,3,5
338,1045,53,9,3,5
339,1045,53,9,3,5
340,1046,54,9,3,5
341,1046,54,9,3,5
342,1046,54,9,3,5
343,1046,54,9,3,5
344,1048,54,9,3,5
345,1048,54,9,3,5
346,1048,54,9,3,5
347,1048,54,9,3,5
348,1048,54,9,3,5
349,1050,55,9,3,5
350,1050,55,9,3,5
351,1050,55,9,3,5
352,1050,55,9,3,5
353,1051,55,9,3,5
354,1051,55,9,3,5
355,1051,55,9,3,5
356,1051,55,9,3,5
357,1051,55,9,3,5
358,1051,55,9,3,5
359,1051,55,9,3,5
360,1051,55,9,3,5
361,1051,55,9,3,5
362,1051,55,9,3,5
363,1051,55,9,3,5
364,1051,55,9,3,5
365,1051,55,9,3,5
366,1051,55,9,3,5
367,1051,55,9,3,5
368,1051,55,9,3,5
369,1051,55,9,3,5
370,1051,55,9,3,5
371,1051,55,9,3,5
372,1051,55,9,3,5
373,1051,55,9,3,5
374,1051,55,9,3,5
375,1053,56,9,3,5
376,1053,56,9,3,5
377,1053,56,9,3,5
378,1053,56,9,3,5
379,1053,56,9,3,5
380,1053,56,9,3,5
381,1053,56,9,3,5
382,1053,56,9,3,5
383,1055,56,9,3,5
384,1055,56,9,3,5
385,1057,57,9,3,5
386,1057,57,9,3,5
387,1057,57,9,3,5
388,1057,57,9,3,5
389,1058,57,9,3,5
390,1059,58,9,3,5
391,1059,58,9,3,5
392,1060,59,9,3,5
393,1060,59,9,3,5
394,1060,59,9,3,5
395,1060,59,9,3,5
396,1060,59,9,3,5
397,1060,59,9,3,5
398,1060,59,9,3,5
399,1060,59,9,3,5
400,1060,59,9,3,5
401,1060,59,9,3,5
402,1060,59,9,3,5
403,1060,59,9,3,5
404,1060,59,9,3,5
405,1060,59,9,3,5
406,1062,60,9,3,5
407,1062,60,9,3,5
408,1062,60,9,3,5
409,1062,60,9,3,5
410,1062,60,9,3,5
411,1062,60,9,3,5
412,1062,60,9,3,5
413,1062,60,9,3,5
414,1062,60,9,3,5
415,1062,60,9,3,5
416,1062,60,9,3,5
417,1064,61,9,3,5
418,1064,61,9,3,5
419,1064,61,9,3,5
420,1064,61,9,3,5
421,1064,61,9,3,5
422,1065,61,9,3,5
423,1066,62,9,3,5
424,1066,62,9,3,5
425,1067,62,9,3,5
426,1068,62,9,3,5
427,1069,63,9,3,5
428,1069,63,9,3,5
429,1069,63,9,3,5
430,1069,63,9,3,5
431,1069,63,9,3,5
432,1069,63,9,3,5
433,1070,64,9,3,5
434,1070,64,9,3,5
435,1070,64,9,3,5
436,1070,64,9,3,5
437,1070,64,9,3,5
438,1070,64,9,3,5
439,1070,64,9,3,5
440,1070,64,9,3,5
441,1070,64,9,3,5
442,1070,64,9,3,5
443,1070,64,9,3,5
444,1070,64,9,3,5
445,1070,64,9,3,5
446,1071,65,9,3,5
447,1071,65,9,3,5
448,1073,66,9,3,5
449,1073,66,9,3,5
450,1073,66,9,3,5
451,1073,66,9,3,5
452,1073,66,9,3,5
453,1073,66,9,3,5
454,1073,66,9,3,5
455,1073,66,9,3,5
456,1073,66,9,3,5
457,1073,66,9,3,5
458,1073,66,9,3,5
459,1074,67,9,3,5
460,1074,67,9,3,5
461,1074,67,9,3,5
462,1074,67,9,3,5
463,1074,67,9,3,5
464,1074,67,9,3,5
465,1074,67,9,3,5
466,1074,67,9,3,5
467,1074,67,9,3,5
468,1074,67,9,3,5
469,1074,67,9,3,5
470,1074,67,9,3,5
471,1074,67,9,3,5
472,1074,67,9,3,5
473,1074,67,9,3,5
474,1074,67,9,3,5
475,1075,68,9,3,5
476,1075,68,9,3,5
477,1075,68,9,3,5
478,1075,68,9,3,5
479,1075,68,9,3,5
480,1075,68,9,3,5
481,1075,68,9,3,5
482,1075,68,9,3,5
483,1075,68,9,3,5
484,1075,68,9,3,5
485,1075,68,9,3,5
486,1077,69,9,3,5
487,1077,69,9,3,5
488,1077,69,9,3,5
489,1077,69,9,3,5
490,1077,69,9,3,5
491,1077,69,9,3,5
492,1077,69,9,3,5
493,1078,70,9,3,5
494,1078,70,9,3,5
495,1078,70,9,3,5
496,1078,70,9,3,5
497,1078,70,9,3,5
498,1078,70,9,3,5
499,1078,70,9,3,5
0,1078,70,9,3,5
1,1094,1,72,4,21
2,1111,2,72,4,21
3,1114,2,72,4,21
4,1127,4,72,4,21
5,1136,5,72,4,21
6,1139,5,72,4,21
7,1144,6,72,4,21
8,1151,7,72,4,21
9,1153,7,72,4,21
10,1155,8,72,4,21
11,1159,9,72,4,21
12,1159,9,72,4,21
13,1159,9,72,4,21
14,1160,9,72,4,21
15,1165,9,72,4,21
16,1166,9,72,4,21
17,1168,9,72,4,21
18,1169,10,72,4,21
19,1171,10,72,4,21
20,1175,10,72,4,21
21,1181,10,72,4,21
22,1184,10,72,4,21
23,1185,10,72,4,21
24,1188,11,72,4,21
25,1189,11,72,4,21
26,1192,11,72,4,21
27,1197,11,72,4,21
28,1204,11,72,4,21
29,1205,11,72,4,21
30,1210,11,72,4,21
31,1213,11,72,4,21
32,1216,11,72,4,21
33,1219,11,72,4,21
34,1222,11,72,4,21
35,1225,11,72,4,21
36,1231,11,72,4,21
37,1241,12,72,4,21
38,1246,12,72,4,21
39,1249,12,72,4,21
40,1250,12,72,4,21
41,1253,12,72,4,21
42,1262,12,72,4,21
43,1266,12,72,4,21
44,1270,12,72,4,21
45,1274,12,72,4,21
46,1277,12,72,4,21
47,1285,13,72,4,21
48,1289,13,72,4,21
49,1291,13,72,4,21
50,1293,13,72,4,21
51,1296,13,72,4,21
52,1299,14,72,4,21
53,1301,14,72,4,21
54,1308,15,72,4,21
55,1312,15,72,4,21
56,1316,15,72,4,21
57,1318,16,72,4,21
58,1324,16,72,4,21
59,1329,16,72,4,21
60,1333,16,72,4,21
61,1340,16,72,4,21
62,1343,16,72,4,21
63,1347,16,72,4,21
64,1350,17,72,4,21
65,1363,18,72,4,21
66,1384,18,72,4,21
67,1392,18,72,4,21
68,1403,19,72,4,21
69,1415,20,72,4,21
70,1421,20,72,4,21
71,1426,21,72,4,21
72,1428,21,72,4,21
73,1428,21,72,4,21
74,1432,21,72,4,21
75,1443,22,72,4,21
76,1447,22,72,4,21
77,1450,22,72,4,21
78,1459,22,72,4,21
79,1469,22,72,4,21
80,1474,22,72,4,21
81,1478,22,72,4,21
82,1479,22,72,4,21
83,1485,23,72,4,21
84,1495,23,72,4,21
85,1498,24,72,4,21
86,1501,24,72,4,21
87,1507,24,72,4,21
88,1511,24,72,4,21
89,1516,24,72,4,21
90,1520,24,72,4,21
91,1526,25,72,4,21
92,1530,25,72,4,21
93,1534,25,72,4,21
94,1542,25,72,4,21
95,1549,25,72,4,21
96,1560,25,72,4,21
97,1563,25,72,4,21
98,1567,25,72,4,21
99,1574,25,72,4,21
100,1579,25,72,4,21
101,1581,25,72,4,21
102,1592,25,72,4,21
103,1595,25,72,4,21
104,1596,25,72,4,21
105,1598,25,72,4,21
106,1601,26,72,4,21
107,1608,26,72,4,21
108,1615,27,72,4,21
109,1622,27,72,4,21
110,1631,27,72,4,21
111,1648,29,72,4,21
112,1655,29,72,4,21
113,1664,29,72,4,21
114,1675,29,72,4,21
115,1685,29,72,4,21
116,1690,29,72,4,21
117,1697,29,72,4,21
118,1701,29,72,4,21
119,1709,30,72,4,21
120,1713,30,72,4,21
121,1716,30,72,4,21
122,1721,30,72,4,21
123,1723,30,72,4,21
124,1736,30,72,4,21
125,1739,30,72,4,21
126,1741,30,72,4,21
127,1744,30,72,4,21
128,1748,30,72,4,21
129,1750,30,72,4,21
130,1753,30,72,4,21
131,1759,30,72,4,21
132,1764,30,72,4,21
133,1770,31,72,4,21
134,1771,31,72,4,21
135,1773,31,72,4,21
136,1778,31,72,4,21
137,1782,31,72,4,21
138,1787,31,72,4,21
139,1792,31,72,4,21
140,1804,31,72,4,21
141,1816,31,72,4,21
142,1820,31,72,4,21
143,1825,31,72,4,21
144,1829,31,72,4,21
145,1833,31,72,4,21
146,1835,31,72,4,21
147,1837,31,72,4,21
148,1845,31,72,4,21
149,1848,31,72,4,21
150,1861,31,72,4,21
151,1877,31,72,4,21
152,1889,32,72,4,21
153,1889,32,72,4,21
154,1892,32,72,4,21
155,1895,32,72,4,21
156,1900,34,72,4,21
157,1901,34,72,4,21
158,1903,34,72,4,21
159,1903,34,72,4,21
160,1908,35,72,4,21
161,1912,35,72,4,21
162,1923,36,72,4,21
163,1934,36,72,4,21
164,1942,36,72,4,21
165,1946,36,72,4,21
166,1950,36,72,4,21
167,1952,36,72,4,21
168,1955,36,72,4,21
169,1958,36,72,4,21
170,1961,36,72,4,21
171,1962,36,72,4,21
172,1964,36,72,4,21
173,1971,36,72,4,21
174,1973,36,72,4,21
175,1981,37,72,4,21
176,1984,37,72,4,21
177,1988,37,72,4,21
178,1991,37,72,4,21
179,1992,37,72,4,21
180,1999,37,72,4,21
181,2004,37,72,4,21
182,2007,37,72,4,21
183,2015,37,72,4,21
184,2019,37,72,4,21
185,2030,37,72,4,21
186,2035,37,72,4,21
187,2046,38,72,4,21
188,2057,38,72,4,21
189,2061,38,72,4,21
190,2069,38,72,4,21
191,2073,39,72,4,21
192,2075,39,72,4,21
193,2084,41,72,4,21
194,2088,41,72,4,21
195,2090,42,72,4,21
196,2096,42,72,4,21
197,2097,42,72,4,21
198,2101,42,72,4,21
199,2102,42,72,4,21
200,2103,42,72,4,21
201,2105,42,72,4,21
202,2106,42,72,4,21
203,2108,42,72,4,21
204,2109,42,72,4,21
205,2110,42,72,4,21
206,2111,42,72,4,21
207,2115,42,72,4,21
208,2117,42,72,4,21
209,2122,42,72,4,21
210,2126,42,72,4,21
211,2127,42,72,4,21
212,2129,42,72,4,21
213,2131,42,72,4,21
214,2137,42,72,4,21
215,2138,42,72,4,21
216,2140,42,72,4,21
217,2143,42,72,4,21
218,2145,42,72,4,21
219,2146,43,72,4,21
220,2146,43,72,4,21
221,2146,43,72,4,21
222,2147,43,72,4,21
223,2148,43,72,4,21
224,2149,43,72,4,21
225,2150,43,72,4,21
226,2150,43,72,4,21
227,2150,43,72,4,21
228,2152,43,72,4,21
229,2165,43,72,4,21
230,2167,43,72,4,21
231,2172,44,72,4,21
232,2174,44,72,4,21
233,2177,44,72,4,21
234,2181,44,72,4,21
235,2191,45,72,4,21
236,2193,45,72,4,21
237,2197,45,72,4,21
238,2200,46,72,4,21
239,2203,46,72,4,21
240,2204,46,72,4,21
241,2212,46,72,4,21
242,2213,46,72,4,21
243,2213,46,72,4,21
244,2213,46,72,4,21
245,2213,46,72,4,21
246,2214,46,72,4,21
247,2215,46,72,4,21
248,2216,46,72,4,21
249,2217,46,72,4,21
250,2221,47,72,4,21
251,2221,47,72,4,21
252,2223,47,72,4,21
253,2226,47,72,4,21
254,2231,47,72,4,21
255,2238,47,72,4,21
256,2241,47,72,4,21
257,2245,47,72,4,21
258,2260,49,72,4,21
259,2267,49,72,4,21
260,2270,49,72,4,21
261,2272,49,72,4,21
262,2276,49,72,4,21
263,2283,49,72,4,21
264,2290,49,72,4,21
265,2292,49,72,4,21
266,2294,49,72,4,21
267,2296,49,72,4,21
268,2297,49,72,4,21
269,2298,49,72,4,21
270,2299,49,72,4,21
271,2303,50,72,4,21
272,2307,50,72,4,21
273,2311,50,72,4,21
274,2313,51,72,4,21
275,2315,52,72,4,21
276,2318,52,72,4,21
277,2319,52,72,4,21
278,2320,52,72,4,21
279,2321,52,72,4,21
280,2324,52,72,4,21
281,2327,52,72,4,21
282,2329,52,72,4,21
283,2331,52,72,4,21
284,2334,52,72,4,21
285,2340,52,72,4,21
286,2344,53,72,4,21
287,2347,53,72,4,21
288,2351,53,72,4,21
289,2354,53,72,4,21
290,2357,53,72,4,21
291,2360,53,72,4,21
292,2364,54,72,4,21
293,2366,55,72,4,21
294,2366,55,72,4,21
295,2368,56,72,4,21
296,2369,56,72,4,21
297,2369,56,72,4,21
298,2372,56,72,4,21
299,2378,57,72,4,21
300,2379,58,72,4,21
301,2382,58,72,4,21
302,2385,58,72,4,21
303,2391,58,72,4,21
304,2398,58,72,4,21
305,2400,58,72,4,21
306,2403,58,72,4,21
307,2407,58,72,4,21
308,2411,58,72,4,21
309,2418,59,72,4,21
310,2422,59,72,4,21
311,2424,59,72,4,21
312,2425,59,72,4,21
313,2426,59,72,4,21
314,2431,59,72,4,21
315,2431,59,72,4,21
316,2432,59,72,4,21
317,2434,59,72,4,21
318,2436,59,72,4,21
319,2439,59,72,4,21
320,2441,60,72,4,21
321,2441,60,72,4,21
322,2443,60,72,4,21
323,2444,60,72,4,21
324,2446,60,72,4,21
325,2450,61,72,4,21
326,2451,61,72,4,21
327,2453,61,72,4,21
328,2455,61,72,4,21
329,2459,61,72,4,21
330,2471,61,72,4,21
331,2482,62,72,4,21
332,2484,62,72,4,21
333,2488,63,72,4,21
334,2491,63,72,4,21
335,2493,63,72,4,21
336,2495,63,72,4,21
337,2497,63,72,4,21
338,2501,63,72,4,21
339,2502,63,72,4,21
340,2503,63,72,4,21
341,2504,63,72,4,21
342,2505,63,72,4,21
343,2505,63,72,4,21
344,2506,63,72,4,21
345,2509,64,72,4,21
346,2509,64,72,4,21
347,2512,64,72,4,21
348,2517,64,72,4,21
349,2519,64,72,4,21
350,2522,65,72,4,21
351,2523,65,72,4,21
352,2525,65,72,4,21
353,2527,65,72,4,21
354,2536,65,72,4,21
355,2540,65,72,4,21
356,2542,65,72,4,21
357,2546,65,72,4,21
358,2552,65,72,4,21
359,2559,65,72,4,21
360,2561,65,72,4,21
361,2562,65,72,4,21
362,2565,65,72,4,21
363,2566,65,72,4,21
364,2566,65,72,4,21
365,2567,65,72,4,21
366,2568,65,72,4,21
367,2571,65,72,4,21
368,2573,65,72,4,21
369,2575,65,72,4,21
370,2576,65,72,4,21
371,2580,65,72,4,21
372,2580,65,72,4,21
373,2581,65,72,4,21
374,2582,65,72,4,21
375,2584,66,72,4,21
376,2584,66,72,4,21
377,2586,66,72,4,21
378,2589,67,72,4,21
379,2593,68,72,4,21
380,2596,68,72,4,21
381,2597,68,72,4,21
382,2598,68,72,4,21
383,2600,68,72,4,21
384,2602,68,72,4,21
385,2604,68,72,4,21
386,2610,68,72,4,21
387,2616,68,72,4,21
388,2624,68,72,4,21
389,2632,68,72,4,21
390,2635,68,72,4,21
391,2644,68,72,4,21
392,2650,69,72,4,21
393,2650,69,72,4,21
394,2651,69,72,4,21
395,2651,69,72,4,21
396,2652,69,72,4,21
397,2655,69,72,4,21
398,2656,69,72,4,21
399,2656,69,72,4,21
400,2657,69,72,4,21
401,2658,69,72,4,21
402,2659,69,72,4,21
403,2659,69,72,4,21
404,2659,69,72,4,21
405,2661,69,72,4,21
406,2664,69,72,4,21
407,2669,69,72,4,21
408,2670,69,72,4,21
409,2672,69,72,4,21
410,2675,69,72,4,21
411,2677,69,72,4,21
412,2677,69,72,4,21
413,2677,69,72,4,21
414,2677,69,72,4,21
415,2677,69,72,4,21
416,2677,69,72,4,21
417,2678,69,72,4,21
418,2680,69,72,4,21
419,2684,69,72,4,21
420,2690,69,72,4,21
421,2691,69,72,4,21
422,2694,69,72,4,21
423,2699,69,72,4,21
424,2702,69,72,4,21
425,2704,69,72,4,21
426,2707,69,72,4,21
427,2714,69,72,4,21
428,2718,69,72,4,21
429,2722,69,72,4,21
430,2722,69,72,4,21
431,2723,69,72,4,21
432,2724,69,72,4,21
433,2726,69,72,4,21
434,2728,69,72,4,21
435,2733,70,72,4,21
436,2734,70,72,4,21
437,2735,70,72,4,21
438,2741,71,72,4,21
439,2745,72,72,4,21
440,2746,72,72,4,21
441,2748,72,72,4,21
442,2753,73,72,4,21
443,2755,73,72,4,21
444,2756,73,72,4,21
445,2758,73,72,4,21
446,2760,73,72,4,21
447,2763,73,72,4,21
448,2764,73,72,4,21
449,2766,73,72,4,21
450,2767,73,72,4,21
451,2771,73,72,4,21
452,2775,73,72,4,21
453,2780,73,72,4,21
454,2781,73,72,4,21
455,2782,73,72,4,21
456,2783,73,72,4,21
457,2787,73,72,4,21
458,2788,74,72,4,21
459,2789,74,72,4,21
460,2790,74,72,4,21
461,2791,74,72,4,21
462,2791,74,72,4,21
463,2791,74,72,4,21
464,2791,74,72,4,21
465,2791,74,72,4,21
466,2791,74,72,4,21
467,2792,74,72,4,21
468,2793,74,72,4,21
469,2794,74,72,4,21
470,2795,74,72,4,21
471,2798,74,72,4,21
472,2800,74,72,4,21
473,2801,74,72,4,21
474,2802,74,72,4,21
475,2806,74,72,4,21
476,2809,74,72,4,21
477,2815,75,72,4,21
478,2816,75,72,4,21
479,2817,75,72,4,21
480,2819,75,72,4,21
481,2820,75,72,4,21
482,2821,75,72,4,21
483,2825,75,72,4,21
484,2827,75,72,4,21
485,2829,75,72,4,21
486,2833,75,72,4,21
487,2836,75,72,4,21
488,2837,75,72,4,21
489,2840,76,72,4,21
490,2842,76,72,4,21
491,2842,76,72,4,21
492,2842,76,72,4,21
493,2842,76,72,4,21
494,2844,76,72,4,21
495,2846,76,72,4,21
496,2849,77,72,4,21
497,2851,77,72,4,21
498,2853,77,72,4,21
499,2854,78,72,4,21
