update,prey_seen,prey_consumed,predator_vision,predator_vision_height,predator_vision_width
0,0,0,0,0,0
1,4,0,72,4,21
2,14,0,72,4,21
3,17,0,72,4,21
4,19,0,72,4,21
5,29,1,72,4,21
6,35,1,72,4,21
7,44,1,72,4,21
8,49,1,72,4,21
9,65,2,72,4,21
10,66,2,72,4,21
11,68,2,72,4,21
12,75,2,72,4,21
13,79,2,72,4,21
14,85,2,72,4,21
15,91,3,72,4,21
16,98,4,72,4,21
17,103,4,72,4,21
18,106,4,72,4,21
19,115,4,72,4,21
20,121,4,72,4,21
21,125,4,72,4,21
22,127,4,72,4,21
23,128,4,72,4,21
24,139,5,72,4,21
25,144,5,72,4,21
26,154,5,72,4,21
27,159,5,72,4,21
28,163,5,72,4,21
29,169,5,72,4,21
30,179,6,72,4,21
31,192,7,72,4,21
32,198,7,72,4,21
33,203,7,72,4,21
34,206,7,72,4,21
35,212,7,72,4,21
36,222,7,72,4,21
37,227,7,72,4,21
38,232,7,72,4,21
39,241,8,72,4,21
40,245,8,72,4,21
41,248,9,72,4,21
42,250,9,72,4,21
43,253,9,72,4,21
44,254,9,72,4,21
45,255,9,72,4,21
46,257,9,72,4,21
47,259,9,72,4,21
48,261,9,72,4,21
49,265,9,72,4,21
50,268,10,72,4,21
51,272,10,72,4,21
52,275,10,72,4,21
53,281,10,72,4,21
54,284,11,72,4,21
55,286,11,72,4,21
56,288,11,72,4,21
57,290,11,72,4,21
58,294,11,72,4,21
59,296,11,72,4,21
60,302,12,72,4,21
61,309,12,72,4,21
62,320,13,72,4,21
63,334,14,72,4,21
64,338,14,72,4,21
65,341,15,72,4,21
66,348,15,72,4,21
67,351,15,72,4,21
68,354,15,72,4,21
69,357,15,72,4,21
70,363,15,72,4,21
71,365,15,72,4,21
72,370,16,72,4,21
73,371,16,72,4,21
74,377,16,72,4,21
75,380,16,72,4,21
76,401,18,72,4,21
77,403,19,72,4,21
78,405,19,72,4,21
79,409,21,72,4,21
80,411,21,72,4,21
81,413,21,72,4,21
82,416,21,72,4,21
83,423,21,72,4,21
84,426,21,72,4,21
85,429,21,72,4,21
86,440,23,72,4,21
87,449,23,72,4,21
88,457,23,72,4,21
89,460,23,72,4,21
90,461,23,72,4,21
91,462,23,72,4,21
92,464,23,72,4,21
93,465,23,72,4,21
94,467,23,72,4,21
95,469,23,72,4,21
96,470,23,72,4,21
97,473,24,72,4,21
98,476,24,72,4,21
99,478,24,72,4,21
100,480,24,72,4,21
101,484,24,72,4,21
102,488,24,72,4,21
103,494,25,72,4,21
104,497,25,72,4,21
105,506,25,72,4,21
106,509,25,72,4,21
107,513,25,72,4,21
108,514,25,72,4,21
109,515,26,72,4,21
110,518,26,72,4,21
111,532,27,72,4,21
112,538,27,72,4,21
113,542,27,72,4,21
114,553,27,72,4,21
115,570,29,72,4,21
116,575,29,72,4,21
117,581,30,72,4,21
118,589,30,72,4,21
119,593,30,72,4,21
120,595,30,72,4,21
121,598,30,72,4,21
122,600,30,72,4,21
123,609,31,72,4,21
124,617,32,72,4,21
125,618,32,72,4,21
126,620,32,72,4,21
127,628,32,72,4,21
128,637,33,72,4,21
129,640,33,72,4,21
130,643,34,72,4,21
131,655,35,72,4,21
132,659,35,72,4,21
133,667,35,72,4,21
134,676,35,72,4,21
135,688,35,72,4,21
136,694,35,72,4,21
137,696,35,72,4,21
138,704,36,72,4,21
139,709,37,72,4,21
140,717,37,72,4,21
141,720,37,72,4,21
142,721,37,72,4,21
143,730,38,72,4,21
144,730,38,72,4,21
145,731,38,72,4,21
146,732,38,72,4,21
147,734,38,72,4,21
148,738,38,72,4,21
149,741,38,72,4,21
150,748,39,72,4,21
151,754,39,72,4,21
152,756,40,72,4,21
153,760,40,72,4,21
154,763,40,72,4,21
155,768,41,72,4,21
156,769,41,72,4,21
157,770,41,72,4,21
158,773,41,72,4,21
159,774,41,72,4,21
160,775,41,72,4,21
161,777,41,72,4,21
162,779,41,72,4,21
163,781,41,72,4,21
164,784,42,72,4,21
165,786,42,72,4,21
166,789,43,72,4,21
167,793,43,72,4,21
168,795,43,72,4,21
169,797,43,72,4,21
170,806,43,72,4,21
171,808,44,72,4,21
172,812,44,72,4,21
173,813,44,72,4,21
174,814,45,72,4,21
175,814,45,72,4,21
176,814,45,72,4,21
177,817,45,72,4,21
178,820,45,72,4,21
179,826,45,72,4,21
180,830,46,72,4,21
181,836,46,72,4,21
182,839,46,72,4,21
183,842,47,72,4,21
184,846,47,72,4,21
185,849,47,72,4,21
186,859,49,72,4,21
187,862,49,72,4,21
188,868,49,72,4,21
189,870,49,72,4,21
190,873,50,72,4,21
191,875,50,72,4,21
192,877,50,72,4,21
193,882,50,72,4,21
194,886,50,72,4,21
195,889,51,72,4,21
196,894,52,72,4,21
197,896,52,72,4,21
198,898,52,72,4,21
199,906,52,72,4,21
200,911,53,72,4,21
201,912,53,72,4,21
202,914,53,72,4,21
203,917,53,72,4,21
204,919,53,72,4,21
205,921,53,72,4,21
206,925,53,72,4,21
207,925,53,72,4,21
208,929,53,72,4,21
209,931,54,72,4,21
210,932,54,72,4,21
211,933,54,72,4,21
212,934,54,72,4,21
213,935,54,72,4,21
214,936,54,72,4,21
215,938,54,72,4,21
216,939,54,72,4,21
217,939,54,72,4,21
218,940,54,72,4,21
219,942,54,72,4,21
220,947,54,72,4,21
221,951,54,72,4,21
222,955,54,72,4,21
223,955,54,72,4,21
224,956,54,72,4,21
225,957,54,72,4,21
226,959,54,72,4,21
227,960,54,72,4,21
228,961,54,72,4,21
229,961,54,72,4,21
230,964,54,72,4,21
231,964,54,72,4,21
232,965,55,72,4,21
233,971,55,72,4,21
234,972,55,72,4,21
235,974,55,72,4,21
236,977,55,72,4,21
237,980,56,72,4,21
238,985,56,72,4,21
239,991,56,72,4,21
240,998,56,72,4,21
241,1004,57,72,4,21
242,1007,57,72,4,21
243,1008,57,72,4,21
244,1010,58,72,4,21
245,1011,58,72,4,21
246,1014,58,72,4,21
247,1015,58,72,4,21
248,1018,58,72,4,21
249,1020,58,72,4,21
250,1021,58,72,4,21
251,1023,58,72,4,21
252,1027,58,72,4,21
253,1028,58,72,4,21
254,1029,58,72,4,21
255,1031,58,72,4,21
256,1031,58,72,4,21
257,1034,58,72,4,21
258,1040,58,72,4,21
259,1045,58,72,4,21
260,1049,58,72,4,21
261,1051,58,72,4,21
262,1051,58,72,4,21
263,1054,58,72,4,21
264,1057,58,72,4,21
265,1058,58,72,4,21
266,1058,58,72,4,21
267,1060,58,72,4,21
268,1064,58,72,4,21
269,1066,58,72,4,21
270,1069,58,72,4,21
271,1072,58,72,4,21
272,1074,58,72,4,21
273,1077,58,72,4,21
274,1079,58,72,4,21
275,1083,58,72,4,21
276,1086,58,72,4,21
277,1088,58,72,4,21
278,1092,58,72,4,21
279,1096,58,72,4,21
280,1098,58,72,4,21
281,1102,58,72,4,21
282,1103,58,72,4,21
283,1105,58,72,4,21
284,1106,58,72,4,21
285,1107,58,72,4,21
286,1108,59,72,4,21
287,1108,59,72,4,21
288,1109,59,72,4,21
289,1112,59,72,4,21
290,1112,59,72,4,21
291,1112,59,72,4,21
292,1113,59,72,4,21
293,1116,59,72,4,21
294,1119,59,72,4,21
295,1122,60,72,4,21
296,1123,61,72,4,21
297,1123,61,72,4,21
298,1124,61,72,4,21
299,1126,61,72,4,21
300,1127,61,72,4,21
301,1128,61,72,4,21
302,1129,61,72,4,21
303,1134,61,72,4,21
304,1136,62,72,4,21
305,1136,62,72,4,21
306,1136,62,72,4,21
307,1136,62,72,4,21
308,1141,62,72,4,21
309,1143,63,72,4,21
310,1145,63,72,4,21
311,1147,63,72,4,21
312,1149,63,72,4,21
313,1153,63,72,4,21
314,1155,63,72,4,21
315,1157,63,72,4,21
316,1158,63,72,4,21
317,1159,63,72,4,21
318,1162,63,72,4,21
319,1163,63,72,4,21
320,1165,63,72,4,21
321,1167,63,72,4,21
322,1168,63,72,4,21
323,1169,63,72,4,21
324,1172,63,72,4,21
325,1173,63,72,4,21
326,1174,63,72,4,21
327,1176,63,72,4,21
328,1179,63,72,4,21
329,1181,63,72,4,21
330,1182,64,72,4,21
331,1182,64,72,4,21
332,1184,64,72,4,21
333,1186,64,72,4,21
334,1188,64,72,4,21
335,1190,64,72,4,21
336,1191,64,72,4,21
337,1192,64,72,4,21
338,1196,64,72,4,21
339,1201,64,72,4,21
340,1202,64,72,4,21
341,1202,64,72,4,21
342,1203,64,72,4,21
343,1204,64,72,4,21
344,1205,64,72,4,21
345,1207,64,72,4,21
346,1211,64,72,4,21
347,1212,64,72,4,21
348,1215,64,72,4,21
349,1218,65,72,4,21
350,1220,65,72,4,21
351,1228,65,72,4,21
352,1236,65,72,4,21
353,1245,65,72,4,21
354,1249,65,72,4,21
355,1253,65,72,4,21
356,1257,66,72,4,21
357,1259,66,72,4,21
358,1261,66,72,4,21
359,1263,66,72,4,21
360,1268,66,72,4,21
361,1268,66,72,4,21
362,1268,66,72,4,21
363,1268,66,72,4,21
364,1268,66,72,4,21
365,1269,66,72,4,21
366,1272,66,72,4,21
367,1274,66,72,4,21
368,1275,66,72,4,21
369,1277,66,72,4,21
370,1284,66,72,4,21
371,1293,66,72,4,21
372,1296,67,72,4,21
373,1298,67,72,4,21
374,1300,67,72,4,21
375,1301,67,72,4,21
376,1304,67,72,4,21
377,1307,67,72,4,21
378,1308,67,72,4,21
379,1309,67,72,4,21
380,1310,67,72,4,21
381,1312,67,72,4,21
382,1312,67,72,4,21
383,1314,67,72,4,21
384,1315,67,72,4,21
385,1318,67,72,4,21
386,1324,68,72,4,21
387,1328,68,72,4,21
388,1330,68,72,4,21
389,1332,68,72,4,21
390,1334,69,72,4,21
391,1335,69,72,4,21
392,1337,69,72,4,21
393,1340,69,72,4,21
394,1346,70,72,4,21
395,1350,70,72,4,21
396,1352,70,72,4,21
397,1353,70,72,4,21
398,1356,71,72,4,21
399,1357,71,72,4,21
400,1359,71,72,4,21
401,1362,71,72,4,21
402,1364,71,72,4,21
403,1367,71,72,4,21
404,1370,71,72,4,21
405,1373,71,72,4,21
406,1373,71,72,4,21
407,1376,71,72,4,21
408,1378,71,72,4,21
409,1383,71,72,4,21
410,1385,71,72,4,21
411,1388,72,72,4,21
412,1388,72,72,4,21
413,1390,72,72,4,21
414,1395,72,72,4,21
415,1396,72,72,4,21
416,1397,72,72,4,21
417,1398,72,72,4,21
418,1400,72,72,4,21
419,1402,72,72,4,21
420,1406,72,72,4,21
421,1408,72,72,4,21
422,1408,72,72,4,21
423,1408,72,72,4,21
424,1410,72,72,4,21
425,1411,72,72,4,21
426,1412,72,72,4,21
427,1412,72,72,4,21
428,1415,72,72,4,21
429,1419,73,72,4,21
430,1426,73,72,4,21
431,1429,73,72,4,21
432,1434,73,72,4,21
433,1436,73,72,4,21
434,1437,73,72,4,21
435,1438,73,72,4,21
436,1438,73,72,4,21
437,1438,73,72,4,21
438,1441,73,72,4,21
439,1445,74,72,4,21
440,1448,74,72,4,21
441,1448,74,72,4,21
442,1449,74,72,4,21
443,1452,74,72,4,21
444,1452,74,72,4,21
445,1453,74,72,4,21
446,1454,74,72,4,21
447,1455,74,72,4,21
448,1456,74,72,4,21
449,1457,74,72,4,21
450,1458,74,72,4,21
451,1458,74,72,4,21
452,1461,74,72,4,21
453,1464,74,72,4,21
454,1467,74,72,4,21
455,1469,74,72,4,21
456,1472,74,72,4,21
457,1476,74,72,4,21
458,1478,74,72,4,21
459,1479,74,72,4,21
460,1480,75,72,4,21
461,1480,75,72,4,21
462,1482,75,72,4,21
463,1484,76,72,4,21
464,1485,76,72,4,21
465,1486,76,72,4,21
466,1487,76,72,4,21
467,1489,76,72,4,21
468,1491,76,72,4,21
469,1495,76,72,4,21
470,1497,76,72,4,21
471,1498,76,72,4,21
472,1502,76,72,4,21
473,1506,76,72,4,21
474,1507,77,72,4,21
475,1507,77,72,4,21
476,1507,77,72,4,21
477,1507,77,72,4,21
478,1508,77,72,4,21
479,1510,77,72,4,21
480,1511,77,72,4,21
481,1511,77,72,4,21
482,1512,77,72,4,21
483,1513,77,72,4,21
484,1517,77,72,4,21
485,1521,77,72,4,21
486,1522,77,72,4,21
487,1524,77,72,4,21
488,1525,78,72,4,21
489,1525,78,72,4,21
490,1526,78,72,4,21
491,1526,78,72,4,21
492,1527,78,72,4,21
493,1532,78,72,4,21
494,1538,78,72,4,21
495,1542,78,72,4,21
496,1544,78,72,4,21
497,1544,78,72,4,21
498,1544,78,72,4,21
499,1544,78,72,4,21
0,1546,78,72,4,21
1,1549,78,51,3,19
2,1552,78,51,3,19
3,1558,78,51,3,19
4,1560,78,51,3,19
5,1564,78,51,3,19
6,1569,1,51,3,19
7,1576,1,51,3,19
8,1580,1,51,3,19
9,1582,1,51,3,19
10,1588,1,51,3,19
11,1592,1,51,3,19
12,1599,2,51,3,19
13,1603,3,51,3,19
14,1606,3,51,3,19
15,1609,3,51,3,19
16,1612,4,51,3,19
17,1613,4,51,3,19
18,1613,4,51,3,19
19,1614,4,51,3,19
20,1616,4,51,3,19
21,1617,4,51,3,19
22,1622,4,51,3,19
23,1626,4,51,3,19
24,1630,4,51,3,19
25,1637,4,51,3,19
26,1640,4,51,3,19
27,1653,5,51,3,19
28,1668,7,51,3,19
29,1670,8,51,3,19
30,1674,9,51,3,19
31,1675,9,51,3,19
32,1677,9,51,3,19
33,1681,9,51,3,19
34,1683,9,51,3,19
35,1686,9,51,3,19
36,1693,9,51,3,19
37,1700,10,51,3,19
38,1703,10,51,3,19
39,1706,10,51,3,19
40,1711,10,51,3,19
41,1722,11,51,3,19
42,1730,11,51,3,19
43,1734,11,51,3,19
44,1736,11,51,3,19
45,1743,11,51,3,19
46,1745,11,51,3,19
47,1754,11,51,3,19
48,1756,11,51,3,19
49,1758,11,51,3,19
50,1759,12,51,3,19
51,1760,12,51,3,19
52,1761,12,51,3,19
53,1762,12,51,3,19
54,1763,12,51,3,19
55,1765,12,51,3,19
56,1771,12,51,3,19
57,1777,12,51,3,19
58,1786,12,51,3,19
59,1790,12,51,3,19
60,1792,12,51,3,19
61,1798,12,51,3,19
62,1803,12,51,3,19
63,1805,12,51,3,19
64,1812,12,51,3,19
65,1819,12,51,3,19
66,1823,12,51,3,19
67,1829,12,51,3,19
68,1832,12,51,3,19
69,1835,12,51,3,19
70,1842,12,51,3,19
71,1848,12,51,3,19
72,1852,12,51,3,19
73,1855,12,51,3,19
74,1865,13,51,3,19
75,1868,13,51,3,19
76,1869,13,51,3,19
77,1872,13,51,3,19
78,1874,13,51,3,19
79,1878,14,51,3,19
80,1880,15,51,3,19
81,1881,15,51,3,19
82,1887,15,51,3,19
83,1891,16,51,3,19
84,1893,17,51,3,19
85,1894,17,51,3,19
86,1896,17,51,3,19
87,1897,17,51,3,19
88,1899,17,51,3,19
89,1899,17,51,3,19
90,1899,17,51,3,19
91,1902,17,51,3,19
92,1904,18,51,3,19
93,1905,18,51,3,19
94,1907,18,51,3,19
95,1909,19,51,3,19
96,1909,19,51,3,19
97,1910,19,51,3,19
98,1913,19,51,3,19
99,1916,20,51,3,19
100,1920,20,51,3,19
101,1920,20,51,3,19
102,1924,20,51,3,19
103,1928,20,51,3,19
104,1930,20,51,3,19
105,1932,20,51,3,19
106,1937,20,51,3,19
107,1939,20,51,3,19
108,1942,20,51,3,19
109,1945,20,51,3,19
110,1949,20,51,3,19
111,1958,20,51,3,19
112,1959,20,51,3,19
113,1960,20,51,3,19
114,1967,21,51,3,19
115,1969,21,51,3,19
116,1972,22,51,3,19
117,1974,22,51,3,19
118,1976,22,51,3,19
119,1980,22,51,3,19
120,1981,22,51,3,19
121,1982,22,51,3,19
122,1985,22,51,3,19
123,1993,22,51,3,19
124,1999,22,51,3,19
125,2005,23,51,3,19
126,2008,23,51,3,19
127,2009,23,51,3,19
128,2010,23,51,3,19
129,2012,23,51,3,19
130,2019,23,51,3,19
131,2021,24,51,3,19
132,2024,25,51,3,19
133,2025,25,51,3,19
134,2026,25,51,3,19
135,2026,25,51,3,19
136,2030,25,51,3,19
137,2036,25,51,3,19
138,2042,26,51,3,19
139,2044,26,51,3,19
140,2045,26,51,3,19
141,2047,26,51,3,19
142,2050,26,51,3,19
143,2053,27,51,3,19
144,2057,27,51,3,19
145,2059,27,51,3,19
146,2066,28,51,3,19
147,2070,29,51,3,19
148,2072,29,51,3,19
149,2074,29,51,3,19
150,2080,29,51,3,19
151,2086,30,51,3,19
152,2092,31,51,3,19
153,2093,31,51,3,19
154,2095,31,51,3,19
155,2097,31,51,3,19
156,2102,32,51,3,19
157,2106,33,51,3,19
158,2107,33,51,3,19
159,2108,33,51,3,19
160,2110,34,51,3,19
161,2111,34,51,3,19
162,2111,34,51,3,19
163,2113,34,51,3,19
164,2114,34,51,3,19
165,2118,34,51,3,19
166,2119,34,51,3,19
167,2121,34,51,3,19
168,2126,34,51,3,19
169,2127,34,51,3,19
170,2130,35,51,3,19
171,2132,35,51,3,19
172,2133,35,51,3,19
173,2139,36,51,3,19
174,2143,37,51,3,19
175,2145,37,51,3,19
176,2145,37,51,3,19
177,2147,37,51,3,19
178,2151,37,51,3,19
179,2154,37,51,3,19
180,2156,37,51,3,19
181,2158,37,51,3,19
182,2161,37,51,3,19
183,2162,37,51,3,19
184,2164,37,51,3,19
185,2166,37,51,3,19
186,2168,37,51,3,19
187,2171,37,51,3,19
188,2172,37,51,3,19
189,2173,37,51,3,19
190,2174,37,51,3,19
191,2175,37,51,3,19
192,2183,38,51,3,19
193,2185,38,51,3,19
194,2188,38,51,3,19
195,2192,38,51,3,19
196,2194,38,51,3,19
197,2198,38,51,3,19
198,2199,38,51,3,19
199,2201,38,51,3,19
200,2206,38,51,3,19
201,2208,38,51,3,19
202,2213,39,51,3,19
203,2214,39,51,3,19
204,2216,40,51,3,19
205,2218,40,51,3,19
206,2220,40,51,3,19
207,2222,40,51,3,19
208,2226,40,51,3,19
209,2228,40,51,3,19
210,2228,40,51,3,19
211,2228,40,51,3,19
212,2233,41,51,3,19
213,2236,41,51,3,19
214,2239,41,51,3,19
215,2240,42,51,3,19
216,2240,42,51,3,19
217,2241,42,51,3,19
218,2244,42,51,3,19
219,2246,43,51,3,19
220,2247,43,51,3,19
221,2249,44,51,3,19
222,2253,44,51,3,19
223,2254,44,51,3,19
224,2256,45,51,3,19
225,2257,46,51,3,19
226,2257,46,51,3,19
227,2258,46,51,3,19
228,2260,47,51,3,19
229,2260,47,51,3,19
230,2260,47,51,3,19
231,2260,47,51,3,19
232,2261,47,51,3,19
233,2264,48,51,3,19
234,2271,49,51,3,19
235,2274,49,51,3,19
236,2275,50,51,3,19
237,2275,50,51,3,19
238,2277,50,51,3,19
239,2282,51,51,3,19
240,2285,51,51,3,19
241,2286,51,51,3,19
242,2297,52,51,3,19
243,2298,52,51,3,19
244,2303,52,51,3,19
245,2307,52,51,3,19
246,2308,53,51,3,19
247,2310,53,51,3,19
248,2310,53,51,3,19
249,2314,54,51,3,19
250,2315,54,51,3,19
251,2316,54,51,3,19
252,2317,54,51,3,19
253,2318,54,51,3,19
254,2318,54,51,3,19
255,2324,54,51,3,19
256,2326,54,51,3,19
257,2331,54,51,3,19
258,2332,54,51,3,19
259,2334,55,51,3,19
260,2336,55,51,3,19
261,2338,55,51,3,19
262,2340,56,51,3,19
263,2342,56,51,3,19
264,2342,56,51,3,19
265,2344,56,51,3,19
266,2346,56,51,3,19
267,2347,56,51,3,19
268,2349,56,51,3,19
269,2355,57,51,3,19
270,2356,57,51,3,19
271,2358,57,51,3,19
272,2360,57,51,3,19
273,2360,57,51,3,19
274,2361,57,51,3,19
275,2363,57,51,3,19
276,2365,57,51,3,19
277,2367,57,51,3,19
278,2371,57,51,3,19
279,2378,58,51,3,19
280,2379,58,51,3,19
281,2380,58,51,3,19
282,2381,58,51,3,19
283,2383,59,51,3,19
284,2385,60,51,3,19
285,2387,60,51,3,19
286,2388,60,51,3,19
287,2389,60,51,3,19
288,2393,60,51,3,19
289,2395,60,51,3,19
290,2395,60,51,3,19
291,2395,60,51,3,19
292,2396,60,51,3,19
293,2396,60,51,3,19
294,2399,60,51,3,19
295,2400,60,51,3,19
296,2403,60,51,3,19
297,2410,61,51,3,19
298,2412,61,51,3,19
299,2416,61,51,3,19
300,2416,61,51,3,19
301,2417,61,51,3,19
302,2419,61,51,3,19
303,2421,61,51,3,19
304,2424,61,51,3,19
305,2426,61,51,3,19
306,2435,62,51,3,19
307,2436,63,51,3,19
308,2438,63,51,3,19
309,2439,64,51,3,19
310,2439,64,51,3,19
311,2439,64,51,3,19
312,2439,64,51,3,19
313,2439,64,51,3,19
314,2439,64,51,3,19
315,2439,64,51,3,19
316,2439,64,51,3,19
317,2439,64,51,3,19
318,2441,64,51,3,19
319,2443,65,51,3,19
320,2444,65,51,3,19
321,2445,65,51,3,19
322,2446,65,51,3,19
323,2449,65,51,3,19
324,2453,65,51,3,19
325,2455,65,51,3,19
326,2461,65,51,3,19
327,2462,65,51,3,19
328,2464,65,51,3,19
329,2465,65,51,3,19
330,2468,65,51,3,19
331,2469,65,51,3,19
332,2471,65,51,3,19
333,2474,65,51,3,19
334,2476,65,51,3,19
335,2477,65,51,3,19
336,2478,65,51,3,19
337,2480,65,51,3,19
338,2482,65,51,3,19
339,2483,65,51,3,19
340,2490,65,51,3,19
341,2492,65,51,3,19
342,2494,66,51,3,19
343,2496,66,51,3,19
344,2496,66,51,3,19
345,2498,66,51,3,19
346,2499,66,51,3,19
347,2499,66,51,3,19
348,2499,66,51,3,19
349,2499,66,51,3,19
350,2500,66,51,3,19
351,2502,66,51,3,19
352,2507,66,51,3,19
353,2510,66,51,3,19
354,2513,67,51,3,19
355,2514,67,51,3,19
356,2516,67,51,3,19
357,2517,67,51,3,19
358,2517,67,51,3,19
359,2517,67,51,3,19
360,2518,67,51,3,19
361,2520,67,51,3,19
362,2524,68,51,3,19
363,2527,68,51,3,19
364,2529,68,51,3,19
365,2531,68,51,3,19
366,2534,68,51,3,19
367,2538,68,51,3,19
368,2543,68,51,3,19
369,2544,68,51,3,19
370,2545,68,51,3,19
371,2549,68,51,3,19
372,2550,68,51,3,19
373,2552,68,51,3,19
374,2552,68,51,3,19
375,2553,68,51,3,19
376,2555,68,51,3,19
377,2556,68,51,3,19
378,2557,68,51,3,19
379,2557,68,51,3,19
380,2558,69,51,3,19
381,2560,69,51,3,19
382,2562,70,51,3,19
383,2562,70,51,3,19
384,2562,70,51,3,19
385,2562,70,51,3,19
386,2563,71,51,3,19
387,2564,71,51,3,19
388,2566,71,51,3,19
389,2567,71,51,3,19
390,2567,71,51,3,19
391,2568,71,51,3,19
392,2571,71,51,3,19
393,2571,71,51,3,19
394,2571,71,51,3,19
395,2571,71,51,3,19
396,2572,71,51,3,19
397,2572,71,51,3,19
398,2572,71,51,3,19
399,2574,71,51,3,19
400,2575,71,51,3,19
401,2575,71,51,3,19
402,2576,71,51,3,19
403,2577,71,51,3,19
404,2578,71,51,3,19
405,2580,71,51,3,19
406,2582,71,51,3,19
407,2583,71,51,3,19
408,2583,71,51,3,19
409,2583,71,51,3,19
410,2584,71,51,3,19
411,2586,71,51,3,19
412,2587,71,51,3,19
413,2587,71,51,3,19
414,2591,71,51,3,19
415,2593,71,51,3,19
416,2594,72,51,3,19
417,2594,72,51,3,19
418,2595,72,51,3,19
419,2596,72,51,3,19
420,2598,72,51,3,19
421,2599,72,51,3,19
422,2600,72,51,3,19
423,2601,72,51,3,19
424,2601,72,51,3,19
425,2601,72,51,3,19
426,2602,72,51,3,19
427,2603,72,51,3,19
428,2604,73,51,3,19
429,2604,73,51,3,19
430,2607,73,51,3,19
431,2610,73,51,3,19
432,2612,73,51,3,19
433,2614,74,51,3,19
434,2617,74,51,3,19
435,2617,74,51,3,19
436,2621,75,51,3,19
437,2622,76,51,3,19
438,2624,77,51,3,19
439,2625,77,51,3,19
440,2625,77,51,3,19
441,2626,77,51,3,19
442,2628,77,51,3,19
443,2630,78,51,3,19
444,2632,79,51,3,19
445,2633,79,51,3,19
446,2634,79,51,3,19
447,2635,79,51,3,19
448,2636,79,51,3,19
449,2636,79,51,3,19
450,2640,79,51,3,19
451,2641,79,51,3,19
452,2642,79,51,3,19
453,2644,79,51,3,19
454,2644,79,51,3,19
455,2644,79,51,3,19
456,2644,79,51,3,19
457,2644,79,51,3,19
458,2645,79,51,3,19
459,2646,79,51,3,19
460,2648,79,51,3,19
461,2648,79,51,3,19
462,2648,79,51,3,19
463,2648,79,51,3,19
464,2648,79,51,3,19
465,2648,79,51,3,19
466,2649,79,51,3,19
467,2649,79,51,3,19
468,2649,79,51,3,19
469,2652,79,51,3,19
470,2653,80,51,3,19
471,2653,80,51,3,19
472,2653,80,51,3,19
473,2653,80,51,3,19
474,2653,80,51,3,19
475,2653,80,51,3,19
476,2654,80,51,3,19
477,2656,80,51,3,19
478,2656,80,51,3,19
479,2660,80,51,3,19
480,2661,80,51,3,19
481,2662,81,51,3,19
482,2662,81,51,3,19
483,2662,81,51,3,19
484,2662,81,51,3,19
485,2662,81,51,3,19
486,2662,81,51,3,19
487,2662,81,51,3,19
488,2662,81,51,3,19
489,2662,81,51,3,19
490,2662,81,51,3,19
491,2662,81,51,3,19
492,2662,81,51,3,19
493,2662,81,51,3,19
494,2662,81,51,3,19
495,2662,81,51,3,19
496,2662,81,51,3,19
497,2662,81,51,3,19
498,2662,81,51,3,19
499,2662,81,51,3,19
0,2663,81,51,3,19
1,2667,81,32,4,11
2,2671,1,32,4,11
3,2675,1,32,4,11
4,2676,2,32,4,11
5,2677,2,32,4,11
6,2678,2,32,4,11
7,2680,2,32,4,11
8,2683,2,32,4,11
9,2685,3,32,4,11
10,2691,4,32,4,11
11,2693,5,32,4,11
12,2697,6,32,4,11
13,2697,6,32,4,11
14,2698,6,32,4,11
15,2699,6,32,4,11
16,2705,7,32,4,11
17,2707,7,32,4,11
18,2710,7,32,4,11
19,2712,8,32,4,11
20,2713,8,32,4,11
21,2714,8,32,4,11
22,2715,9,32,4,11
23,2716,9,32,4,11
24,2720,10,32,4,11
25,2721,10,32,4,11
26,2722,10,32,4,11
27,2725,10,32,4,11
28,2726,10,32,4,11
29,2727,10,32,4,11
30,2727,10,32,4,11
31,2728,10,32,4,11
32,2728,10,32,4,11
33,2730,10,32,4,11
34,2731,10,32,4,11
35,2733,10,32,4,11
36,2735,10,32,4,11
37,2738,10,32,4,11
38,2742,11,32,4,11
39,2743,11,32,4,11
40,2744,11,32,4,11
41,2747,11,32,4,11
42,2750,12,32,4,11
43,2752,12,32,4,11
44,2757,13,32,4,11
45,2757,13,32,4,11
46,2759,13,32,4,11
47,2761,14,32,4,11
48,2761,14,32,4,11
49,2762,14,32,4,11
50,2763,14,32,4,11
51,2765,14,32,4,11
52,2768,14,32,4,11
53,2774,15,32,4,11
54,2776,15,32,4,11
55,2788,17,32,4,11
56,2790,17,32,4,11
57,2793,17,32,4,11
58,2794,17,32,4,11
59,2796,17,32,4,11
60,2797,17,32,4,11
61,2799,17,32,4,11
62,2800,17,32,4,11
63,2802,17,32,4,11
64,2803,17,32,4,11
65,2804,18,32,4,11
66,2804,18,32,4,11
67,2805,19,32,4,11
68,2806,19,32,4,11
69,2810,20,32,4,11
70,2811,20,32,4,11
71,2812,20,32,4,11
72,2812,20,32,4,11
73,2813,20,32,4,11
74,2821,21,32,4,11
75,2823,21,32,4,11
76,2824,21,32,4,11
77,2828,21,32,4,11
78,2828,21,32,4,11
79,2829,21,32,4,11
80,2830,21,32,4,11
81,2833,22,32,4,11
82,2834,22,32,4,11
83,2835,23,32,4,11
84,2835,23,32,4,11
85,2836,23,32,4,11
86,2838,23,32,4,11
87,2839,23,32,4,11
88,2841,23,32,4,11
89,2843,23,32,4,11
90,2845,23,32,4,11
91,2845,23,32,4,11
92,2846,23,32,4,11
93,2848,23,32,4,11
94,2849,23,32,4,11
95,2853,23,32,4,11
96,2862,24,32,4,11
97,2865,24,32,4,11
98,2870,25,32,4,11
99,2872,26,32,4,11
100,2872,26,32,4,11
101,2873,26,32,4,11
102,2874,26,32,4,11
103,2875,27,32,4,11
104,2876,27,32,4,11
105,2878,27,32,4,11
106,2880,28,32,4,11
107,2881,28,32,4,11
108,2884,28,32,4,11
109,2886,29,32,4,11
110,2887,29,32,4,11
111,2888,29,32,4,11
112,2889,29,32,4,11
113,2890,29,32,4,11
114,2893,29,32,4,11
115,2895,29,32,4,11
116,2898,29,32,4,11
117,2901,29,32,4,11
118,2903,29,32,4,11
119,2906,29,32,4,11
120,2910,29,32,4,11
121,2913,29,32,4,11
122,2915,29,32,4,11
123,2916,29,32,4,11
124,2918,29,32,4,11
125,2918,29,32,4,11
126,2921,29,32,4,11
127,2923,30,32,4,11
128,2926,31,32,4,11
129,2927,31,32,4,11
130,2931,31,32,4,11
131,2934,31,32,4,11
132,2938,32,32,4,11
133,2939,32,32,4,11
134,2941,32,32,4,11
135,2941,32,32,4,11
136,2943,32,32,4,11
137,2946,32,32,4,11
138,2948,33,32,4,11
139,2949,33,32,4,11
140,2950,33,32,4,11
141,2951,34,32,4,11
142,2951,34,32,4,11
143,2952,35,32,4,11
144,2953,35,32,4,11
145,2957,36,32,4,11
146,2958,36,32,4,11
147,2962,36,32,4,11
148,2964,36,32,4,11
149,2966,36,32,4,11
150,2969,36,32,4,11
151,2972,37,32,4,11
152,2975,37,32,4,11
153,2977,37,32,4,11
154,2978,37,32,4,11
155,2978,37,32,4,11
156,2978,37,32,4,11
157,2981,38,32,4,11
158,2983,38,32,4,11
159,2985,38,32,4,11
160,2990,39,32,4,11
161,2990,39,32,4,11
162,2991,39,32,4,11
163,2994,39,32,4,11
164,2996,39,32,4,11
165,2999,39,32,4,11
166,3001,40,32,4,11
167,3001,40,32,4,11
168,3001,40,32,4,11
169,3002,40,32,4,11
170,3004,40,32,4,11
171,3004,40,32,4,11
172,3005,40,32,4,11
173,3005,40,32,4,11
174,3005,40,32,4,11
175,3005,40,32,4,11
176,3005,40,32,4,11
177,3005,40,32,4,11
178,3005,40,32,4,11
179,3006,40,32,4,11
180,3006,40,32,4,11
181,3006,40,32,4,11
182,3006,40,32,4,11
183,3007,40,32,4,11
184,3008,41,32,4,11
185,3012,41,32,4,11
186,3017,41,32,4,11
187,3020,42,32,4,11
188,3021,42,32,4,11
189,3023,42,32,4,11
190,3023,42,32,4,11
191,3024,42,32,4,11
192,3026,42,32,4,11
193,3034,42,32,4,11
194,3035,42,32,4,11
195,3037,42,32,4,11
196,3037,42,32,4,11
197,3038,42,32,4,11
198,3038,42,32,4,11
199,3039,42,32,4,11
200,3040,42,32,4,11
201,3041,43,32,4,11
202,3041,43,32,4,11
203,3045,43,32,4,11
204,3050,43,32,4,11
205,3051,43,32,4,11
206,3052,43,32,4,11
207,3054,44,32,4,11
208,3054,44,32,4,11
209,3055,45,32,4,11
210,3058,45,32,4,11
211,3059,45,32,4,11
212,3060,45,32,4,11
213,3061,45,32,4,11
214,3062,45,32,4,11
215,3063,45,32,4,11
216,3064,46,32,4,11
217,3066,47,32,4,11
218,3066,47,32,4,11
219,3066,47,32,4,11
220,3067,48,32,4,11
221,3067,48,32,4,11
222,3069,48,32,4,11
223,3069,48,32,4,11
224,3072,48,32,4,11
225,3074,48,32,4,11
226,3076,48,32,4,11
227,3082,49,32,4,11
228,3083,49,32,4,11
229,3084,49,32,4,11
230,3084,49,32,4,11
231,3085,49,32,4,11
232,3086,49,32,4,11
233,3088,49,32,4,11
234,3089,49,32,4,11
235,3090,49,32,4,11
236,3094,50,32,4,11
237,3094,50,32,4,11
238,3096,50,32,4,11
239,3097,50,32,4,11
240,3099,50,32,4,11
241,3100,50,32,4,11
242,3100,50,32,4,11
243,3100,50,32,4,11
244,3100,50,32,4,11
245,3100,50,32,4,11
246,3100,50,32,4,11
247,3100,50,32,4,11
248,3101,50,32,4,11
249,3104,51,32,4,11
250,3106,52,32,4,11
251,3106,52,32,4,11
252,3106,52,32,4,11
253,3106,52,32,4,11
254,3106,52,32,4,11
255,3107,53,32,4,11
256,3107,53,32,4,11
257,3107,53,32,4,11
258,3108,53,32,4,11
259,3112,53,32,4,11
260,3115,53,32,4,11
261,3117,53,32,4,11
262,3119,53,32,4,11
263,3120,53,32,4,11
264,3121,53,32,4,11
265,3123,54,32,4,11
266,3124,55,32,4,11
267,3124,55,32,4,11
268,3124,55,32,4,11
269,3124,55,32,4,11
270,3126,55,32,4,11
271,3129,55,32,4,11
272,3133,55,32,4,11
273,3135,55,32,4,11
274,3142,55,32,4,11
275,3145,56,32,4,11
276,3145,56,32,4,11
277,3145,56,32,4,11
278,3147,56,32,4,11
279,3149,56,32,4,11
280,3152,57,32,4,11
281,3153,57,32,4,11
282,3153,57,32,4,11
283,3153,57,32,4,11
284,3153,57,32,4,11
285,3153,57,32,4,11
286,3153,57,32,4,11
287,3154,58,32,4,11
288,3154,58,32,4,11
289,3154,58,32,4,11
290,3154,58,32,4,11
291,3154,58,32,4,11
292,3154,58,32,4,11
293,3155,58,32,4,11
294,3155,58,32,4,11
295,3155,58,32,4,11
296,3157,58,32,4,11
297,3158,58,32,4,11
298,3158,58,32,4,11
299,3158,58,32,4,11
300,3158,58,32,4,11
301,3160,58,32,4,11
302,3160,58,32,4,11
303,3161,58,32,4,11
304,3163,59,32,4,11
305,3163,59,32,4,11
306,3163,59,32,4,11
307,3163,59,32,4,11
308,3164,59,32,4,11
309,3165,59,32,4,11
310,3167,59,32,4,11
311,3168,59,32,4,11
312,3170,59,32,4,11
313,3171,59,32,4,11
314,3174,60,32,4,11
315,3175,60,32,4,11
316,3175,60,32,4,11
317,3175,60,32,4,11
318,3176,60,32,4,11
319,3176,60,32,4,11
320,3176,60,32,4,11
321,3177,61,32,4,11
322,3177,61,32,4,11
323,3177,61,32,4,11
324,3177,61,32,4,11
325,3177,61,32,4,11
326,3178,61,32,4,11
327,3179,61,32,4,11
328,3180,61,32,4,11
329,3180,61,32,4,11
330,3180,61,32,4,11
331,3181,61,32,4,11
332,3184,62,32,4,11
333,3187,63,32,4,11
334,3188,63,32,4,11
335,3189,63,32,4,11
336,3190,63,32,4,11
337,3190,63,32,4,11
338,3190,63,32,4,11
339,3190,63,32,4,11
340,3190,63,32,4,11
341,3190,63,32,4,11
342,3191,63,32,4,11
343,3192,63,32,4,11
344,3192,63,32,4,11
345,3193,63,32,4,11
346,3194,64,32,4,11
347,3194,64,32,4,11
348,3194,64,32,4,11
349,3194,64,32,4,11
350,3194,64,32,4,11
351,3194,64,32,4,11
352,3194,64,32,4,11
353,3194,64,32,4,11
354,3195,64,32,4,11
355,3195,64,32,4,11
356,3195,64,32,4,11
357,3195,64,32,4,11
358,3195,64,32,4,11
359,3197,64,32,4,11
360,3199,64,32,4,11
361,3199,64,32,4,11
362,3199,64,32,4,11
363,3199,64,32,4,11
364,3199,64,32,4,11
365,3200,64,32,4,11
366,3201,64,32,4,11
367,3203,64,32,4,11
368,3204,65,32,4,11
369,3204,65,32,4,11
370,3204,65,32,4,11
371,3204,65,32,4,11
372,3204,65,32,4,11
373,3204,65,32,4,11
374,3204,65,32,4,11
375,3204,65,32,4,11
376,3204,65,32,4,11
377,3204,65,32,4,11
378,3205,65,32,4,11
379,3207,65,32,4,11
380,3208,65,32,4,11
381,3209,65,32,4,11
382,3210,65,32,4,11
383,3212,65,32,4,11
384,3215,65,32,4,11
385,3217,65,32,4,11
386,3220,65,32,4,11
387,3221,65,32,4,11
388,3221,65,32,4,11
389,3221,65,32,4,11
390,3221,65,32,4,11
391,3221,65,32,4,11
392,3221,65,32,4,11
393,3221,65,32,4,11
394,3221,65,32,4,11
395,3221,65,32,4,11
396,3221,65,32,4,11
397,3223,66,32,4,11
398,3224,66,32,4,11
399,3225,66,32,4,11
400,3225,66,32,4,11
401,3225,66,32,4,11
402,3226,66,32,4,11
403,3227,67,32,4,11
404,3228,67,32,4,11
405,3229,67,32,4,11
406,3229,67,32,4,11
407,3229,67,32,4,11
408,3229,67,32,4,11
409,3231,68,32,4,11
410,3233,69,32,4,11
411,3233,69,32,4,11
412,3233,69,32,4,11
413,3233,69,32,4,11
414,3234,69,32,4,11
415,3235,69,32,4,11
416,3236,69,32,4,11
417,3238,69,32,4,11
418,3239,70,32,4,11
419,3243,70,32,4,11
420,3245,70,32,4,11
421,3246,70,32,4,11
422,3247,70,32,4,11
423,3248,70,32,4,11
424,3249,70,32,4,11
425,3249,70,32,4,11
426,3249,70,32,4,11
427,3249,70,32,4,11
428,3249,70,32,4,11
429,3249,70,32,4,11
430,3249,70,32,4,11
431,3251,70,32,4,11
432,3253,71,32,4,11
433,3253,71,32,4,11
434,3253,71,32,4,11
435,3253,71,32,4,11
436,3253,71,32,4,11
437,3253,71,32,4,11
438,3253,71,32,4,11
439,3253,71,32,4,11
440,3253,71,32,4,11
441,3255,72,32,4,11
442,3255,72,32,4,11
443,3255,72,32,4,11
444,3255,72,32,4,11
445,3255,72,32,4,11
446,3256,72,32,4,11
447,3257,73,32,4,11
448,3258,73,32,4,11
449,3258,73,32,4,11
450,3258,73,32,4,11
451,3258,73,32,4,11
452,3258,73,32,4,11
453,3258,73,32,4,11
454,3258,73,32,4,11
455,3258,73,32,4,11
456,3258,73,32,4,11
457,3258,73,32,4,11
458,3258,73,32,4,11
459,3258,73,32,4,11
460,3258,73,32,4,11
461,3258,73,32,4,11
462,3258,73,32,4,11
463,3258,73,32,4,11
464,3258,73,32,4,11
465,3258,73,32,4,11
466,3258,73,32,4,11
467,3260,73,32,4,11
468,3260,73,32,4,11
469,3261,73,32,4,11
470,3263,73,32,4,11
471,3265,73,32,4,11
472,3265,73,32,4,11
473,3265,73,32,4,11
474,3265,73,32,4,11
475,3265,73,32,4,11
476,3265,73,32,4,11
477,3265,73,32,4,11
478,3265,73,32,4,11
479,3265,73,32,4,11
480,3266,73,32,4,11
481,3267,73,32,4,11
482,3268,74,32,4,11
483,3268,74,32,4,11
484,3268,74,32,4,11
485,3269,74,32,4,11
486,3270,74,32,4,11
487,3272,75,32,4,11
488,3272,75,32,4,11
489,3272,75,32,4,11
490,3272,75,32,4,11
491,3272,75,32,4,11
492,3272,75,32,4,11
493,3272,75,32,4,11
494,3273,75,32,4,11
495,3274,75,32,4,11
496,3275,75,32,4,11
497,3278,75,32,4,11
498,3279,75,32,4,11
499,3279,75,32,4,11
0,3279,75,32,4,11
1,3280,75,33,3,13
2,3281,75,33,3,13
3,3286,1,33,3,13
4,3291,2,33,3,13
5,3294,2,33,3,13
6,3297,3,33,3,13
7,3299,3,33,3,13
8,3300,3,33,3,13
9,3303,3,33,3,13
10,3303,3,33,3,13
11,3303,3,33,3,13
12,3305,3,33,3,13
13,3309,4,33,3,13
14,3317,5,33,3,13
15,3318,5,33,3,13
16,3321,5,33,3,13
17,3322,5,33,3,13
18,3322,5,33,3,13
19,3324,5,33,3,13
20,3327,5,33,3,13
21,3335,5,33,3,13
22,3338,5,33,3,13
23,3340,5,33,3,13
24,3345,6,33,3,13
25,3348,6,33,3,13
26,3351,6,33,3,13
27,3356,8,33,3,13
28,3358,8,33,3,13
29,3361,8,33,3,13
30,3361,8,33,3,13
31,3365,9,33,3,13
32,3367,9,33,3,13
33,3370,9,33,3,13
34,3375,10,33,3,13
35,3379,11,33,3,13
36,3380,11,33,3,13
37,3382,11,33,3,13
38,3385,12,33,3,13
39,3389,13,33,3,13
40,3391,13,33,3,13
41,3393,13,33,3,13
42,3394,13,33,3,13
43,3395,13,33,3,13
44,3395,13,33,3,13
45,3396,13,33,3,13
46,3397,14,33,3,13
47,3397,14,33,3,13
48,3397,14,33,3,13
49,3398,14,33,3,13
50,3399,14,33,3,13
51,3401,14,33,3,13
52,3403,14,33,3,13
53,3404,14,33,3,13
54,3406,14,33,3,13
55,3407,14,33,3,13
56,3410,14,33,3,13
57,3411,14,33,3,13
58,3411,14,33,3,13
59,3412,14,33,3,13
60,3412,14,33,3,13
61,3413,14,33,3,13
62,3416,14,33,3,13
63,3418,14,33,3,13
64,3423,14,33,3,13
65,3426,14,33,3,13
66,3428,14,33,3,13
67,3429,14,33,3,13
68,3432,14,33,3,13
69,3433,14,33,3,13
70,3434,14,33,3,13
71,3435,14,33,3,13
72,3436,14,33,3,13
73,3437,14,33,3,13
74,3438,14,33,3,13
75,3441,14,33,3,13
76,3442,14,33,3,13
77,3443,14,33,3,13
78,3443,14,33,3,13
79,3445,14,33,3,13
80,3447,14,33,3,13
81,3447,14,33,3,13
82,3448,14,33,3,13
83,3450,14,33,3,13
84,3450,14,33,3,13
85,3451,14,33,3,13
86,3455,14,33,3,13
87,3460,15,33,3,13
88,3460,15,33,3,13
89,3460,15,33,3,13
90,3460,15,33,3,13
91,3461,15,33,3,13
92,3470,16,33,3,13
93,3473,16,33,3,13
94,3475,16,33,3,13
95,3478,17,33,3,13
96,3484,17,33,3,13
97,3491,18,33,3,13
98,3496,18,33,3,13
99,3498,18,33,3,13
100,3498,18,33,3,13
101,3499,18,33,3,13
102,3500,18,33,3,13
103,3502,18,33,3,13
104,3504,18,33,3,13
105,3508,19,33,3,13
106,3508,19,33,3,13
107,3508,19,33,3,13
108,3510,19,33,3,13
109,3513,19,33,3,13
110,3513,19,33,3,13
111,3513,19,33,3,13
112,3514,19,33,3,13
113,3514,19,33,3,13
114,3515,20,33,3,13
115,3516,20,33,3,13
116,3517,21,33,3,13
117,3518,21,33,3,13
118,3524,21,33,3,13
119,3527,21,33,3,13
120,3528,21,33,3,13
121,3528,21,33,3,13
122,3534,22,33,3,13
123,3539,23,33,3,13
124,3541,23,33,3,13
125,3542,23,33,3,13
126,3545,24,33,3,13
127,3546,24,33,3,13
128,3546,24,33,3,13
129,3546,24,33,3,13
130,3546,24,33,3,13
131,3546,24,33,3,13
132,3546,24,33,3,13
133,3548,24,33,3,13
134,3550,25,33,3,13
135,3551,25,33,3,13
136,3551,25,33,3,13
137,3551,25,33,3,13
138,3552,25,33,3,13
139,3554,25,33,3,13
140,3556,25,33,3,13
141,3557,25,33,3,13
142,3559,25,33,3,13
143,3560,25,33,3,13
144,3563,25,33,3,13
145,3565,25,33,3,13
146,3567,26,33,3,13
147,3579,27,33,3,13
148,3581,27,33,3,13
149,3588,27,33,3,13
150,3589,27,33,3,13
151,3590,27,33,3,13
152,3591,27,33,3,13
153,3593,27,33,3,13
154,3596,27,33,3,13
155,3598,27,33,3,13
156,3602,27,33,3,13
157,3604,27,33,3,13
158,3605,27,33,3,13
159,3606,27,33,3,13
160,3608,27,33,3,13
161,3610,27,33,3,13
162,3611,28,33,3,13
163,3612,28,33,3,13
164,3614,28,33,3,13
165,3615,28,33,3,13
166,3617,28,33,3,13
167,3620,29,33,3,13
168,3621,29,33,3,13
169,3623,30,33,3,13
170,3624,30,33,3,13
171,3624,30,33,3,13
172,3624,30,33,3,13
173,3625,30,33,3,13
174,3625,30,33,3,13
175,3626,30,33,3,13
176,3628,30,33,3,13
177,3632,30,33,3,13
178,3634,30,33,3,13
179,3637,31,33,3,13
180,3638,31,33,3,13
181,3640,32,33,3,13
182,3642,32,33,3,13
183,3642,32,33,3,13
184,3644,32,33,3,13
185,3646,32,33,3,13
186,3650,32,33,3,13
187,3656,32,33,3,13
188,3660,33,33,3,13
189,3664,34,33,3,13
190,3664,34,33,3,13
191,3664,34,33,3,13
192,3664,34,33,3,13
193,3666,34,33,3,13
194,3671,34,33,3,13
195,3673,34,33,3,13
196,3674,34,33,3,13
197,3677,35,33,3,13
198,3678,35,33,3,13
199,3678,35,33,3,13
200,3678,35,33,3,13
201,3679,35,33,3,13
202,3682,35,33,3,13
203,3686,35,33,3,13
204,3688,35,33,3,13
205,3690,36,33,3,13
206,3691,36,33,3,13
207,3693,36,33,3,13
208,3694,36,33,3,13
209,3699,38,33,3,13
210,3702,38,33,3,13
211,3703,38,33,3,13
212,3703,38,33,3,13
213,3703,38,33,3,13
214,3704,38,33,3,13
215,3706,39,33,3,13
216,3707,39,33,3,13
217,3707,39,33,3,13
218,3707,39,33,3,13
219,3707,39,33,3,13
220,3707,39,33,3,13
221,3710,39,33,3,13
222,3711,39,33,3,13
223,3712,39,33,3,13
224,3712,39,33,3,13
225,3714,40,33,3,13
226,3714,40,33,3,13
227,3718,41,33,3,13
228,3720,41,33,3,13
229,3721,41,33,3,13
230,3723,41,33,3,13
231,3723,41,33,3,13
232,3724,41,33,3,13
233,3726,41,33,3,13
234,3728,41,33,3,13
235,3729,42,33,3,13
236,3729,42,33,3,13
237,3732,42,33,3,13
238,3735,42,33,3,13
239,3739,42,33,3,13
240,3740,42,33,3,13
241,3743,43,33,3,13
242,3746,43,33,3,13
243,3747,43,33,3,13
244,3749,43,33,3,13
245,3750,43,33,3,13
246,3753,43,33,3,13
247,3758,43,33,3,13
248,3762,44,33,3,13
249,3762,44,33,3,13
250,3763,44,33,3,13
251,3765,45,33,3,13
252,3766,46,33,3,13
253,3767,46,33,3,13
254,3768,46,33,3,13
255,3769,47,33,3,13
256,3771,47,33,3,13
257,3772,47,33,3,13
258,3773,47,33,3,13
259,3776,47,33,3,13
260,3781,47,33,3,13
261,3782,47,33,3,13
262,3783,47,33,3,13
263,3787,48,33,3,13
264,3787,48,33,3,13
265,3788,48,33,3,13
266,3788,48,33,3,13
267,3789,48,33,3,13
268,3791,48,33,3,13
269,3792,48,33,3,13
270,3795,49,33,3,13
271,3796,49,33,3,13
272,3800,50,33,3,13
273,3801,50,33,3,13
274,3802,50,33,3,13
275,3802,50,33,3,13
276,3804,51,33,3,13
277,3804,51,33,3,13
278,3807,51,33,3,13
279,3808,52,33,3,13
280,3811,52,33,3,13
281,3812,52,33,3,13
282,3816,53,33,3,13
283,3816,53,33,3,13
284,3820,53,33,3,13
285,3822,53,33,3,13
286,3824,53,33,3,13
287,3825,54,33,3,13
288,3825,54,33,3,13
289,3826,54,33,3,13
290,3827,54,33,3,13
291,3828,54,33,3,13
292,3829,54,33,3,13
293,3831,54,33,3,13
294,3832,54,33,3,13
295,3833,54,33,3,13
296,3834,54,33,3,13
297,3836,54,33,3,13
298,3836,54,33,3,13
299,3836,54,33,3,13
300,3836,54,33,3,13
301,3836,54,33,3,13
302,3837,54,33,3,13
303,3837,54,33,3,13
304,3837,54,33,3,13
305,3837,54,33,3,13
306,3837,54,33,3,13
307,3838,55,33,3,13
308,3838,55,33,3,13
309,3838,55,33,3,13
310,3838,55,33,3,13
311,3840,55,33,3,13
312,3842,56,33,3,13
313,3844,56,33,3,13
314,3844,56,33,3,13
315,3844,56,33,3,13
316,3844,56,33,3,13
317,3846,56,33,3,13
318,3847,56,33,3,13
319,3850,56,33,3,13
320,3851,56,33,3,13
321,3855,57,33,3,13
322,3855,57,33,3,13
323,3857,57,33,3,13
324,3857,57,33,3,13
325,3859,57,33,3,13
326,3860,57,33,3,13
327,3861,57,33,3,13
328,3862,57,33,3,13
329,3864,57,33,3,13
330,3865,57,33,3,13
331,3866,57,33,3,13
332,3868,57,33,3,13
333,3869,57,33,3,13
334,3871,57,33,3,13
335,3874,58,33,3,13
336,3874,58,33,3,13
337,3875,58,33,3,13
338,3877,58,33,3,13
339,3878,58,33,3,13
340,3879,58,33,3,13
341,3884,58,33,3,13
342,3888,58,33,3,13
343,3890,58,33,3,13
344,3894,58,33,3,13
345,3894,58,33,3,13
346,3895,58,33,3,13
347,3895,58,33,3,13
348,3895,58,33,3,13
349,3896,58,33,3,13
350,3898,58,33,3,13
351,3898,58,33,3,13
352,3899,58,33,3,13
353,3899,58,33,3,13
354,3899,58,33,3,13
355,3899,58,33,3,13
356,3900,58,33,3,13
357,3901,58,33,3,13
358,3902,58,33,3,13
359,3902,58,33,3,13
360,3902,58,33,3,13
361,3902,58,33,3,13
362,3903,59,33,3,13
363,3903,59,33,3,13
364,3907,59,33,3,13
365,3908,60,33,3,13
366,3908,60,33,3,13
367,3908,60,33,3,13
368,3909,60,33,3,13
369,3910,60,33,3,13
370,3912,61,33,3,13
371,3912,61,33,3,13
372,3913,61,33,3,13
373,3914,61,33,3,13
374,3918,62,33,3,13
375,3919,62,33,3,13
376,3923,63,33,3,13
377,3924,64,33,3,13
378,3924,64,33,3,13
379,3924,64,33,3,13
380,3924,64,33,3,13
381,3927,65,33,3,13
382,3927,65,33,3,13
383,3927,65,33,3,13
384,3927,65,33,3,13
385,3927,65,33,3,13
386,3927,65,33,3,13
387,3928,65,33,3,13
388,3929,65,33,3,13
389,3929,65,33,3,13
390,3929,65,33,3,13
391,3930,65,33,3,13
392,3930,65,33,3,13
393,3933,65,33,3,13
394,3934,66,33,3,13
395,3934,66,33,3,13
396,3935,66,33,3,13
397,3938,66,33,3,13
398,3940,66,33,3,13
399,3945,66,33,3,13
400,3947,67,33,3,13
401,3947,67,33,3,13
402,3948,67,33,3,13
403,3948,67,33,3,13
404,3948,67,33,3,13
405,3948,67,33,3,13
406,3948,67,33,3,13
407,3949,67,33,3,13
408,3949,67,33,3,13
409,3949,67,33,3,13
410,3949,67,33,3,13
411,3949,67,33,3,13
412,3949,67,33,3,13
413,3949,67,33,3,13
414,3949,67,33,3,13
415,3949,67,33,3,13
416,3950,67,33,3,13
417,3950,67,33,3,13
418,3952,68,33,3,13
419,3952,68,33,3,13
420,3952,68,33,3,13
421,3952,68,33,3,13
422,3952,68,33,3,13
423,3952,68,33,3,13
424,3952,68,33,3,13
425,3952,68,33,3,13
426,3952,68,33,3,13
427,3953,68,33,3,13
428,3953,68,33,3,13
429,3953,68,33,3,13
430,3953,68,33,3,13
431,3956,68,33,3,13
432,3958,68,33,3,13
433,3960,68,33,3,13
434,3960,68,33,3,13
435,3961,68,33,3,13
436,3965,69,33,3,13
437,3967,70,33,3,13
438,3968,70,33,3,13
439,3969,71,33,3,13
440,3969,71,33,3,13
441,3969,71,33,3,13
442,3969,71,33,3,13
443,3970,71,33,3,13
444,3972,71,33,3,13
445,3972,71,33,3,13
446,3972,71,33,3,13
447,3973,71,33,3,13
448,3973,71,33,3,13
449,3973,71,33,3,13
450,3973,71,33,3,13
451,3973,71,33,3,13
452,3975,71,33,3,13
453,3981,72,33,3,13
454,3981,72,33,3,13
455,3981,72,33,3,13
456,3982,72,33,3,13
457,3984,72,33,3,13
458,3984,72,33,3,13
459,3984,72,33,3,13
460,3984,72,33,3,13
461,3984,72,33,3,13
462,3984,72,33,3,13
463,3984,72,33,3,13
464,3984,72,33,3,13
465,3984,72,33,3,13
466,3984,72,33,3,13
467,3986,73,33,3,13
468,3987,73,33,3,13
469,3989,73,33,3,13
470,3990,73,33,3,13
471,3991,73,33,3,13
472,3991,73,33,3,13
473,3991,73,33,3,13
474,3991,73,33,3,13
475,3991,73,33,3,13
476,3993,73,33,3,13
477,3994,73,33,3,13
478,3995,73,33,3,13
479,3997,73,33,3,13
480,3997,73,33,3,13
481,3997,73,33,3,13
482,3997,73,33,3,13
483,3997,73,33,3,13
484,3997,73,33,3,13
485,3997,73,33,3,13
486,3999,73,33,3,13
487,4001,73,33,3,13
488,4003,73,33,3,13
489,4005,73,33,3,13
490,4006,73,33,3,13
491,4007,73,33,3,13
492,4008,73,33,3,13
493,4009,73,33,3,13
494,4009,73,33,3,13
495,4009,73,33,3,13
496,4009,73,33,3,13
497,4009,73,33,3,13
498,4009,73,33,3,13
499,4013,74,33,3,13
