update,prey_seen,prey_consumed,predator_vision,predator_vision_height,predator_vision_width
0,0,0,0,0,0
1,5,0,65,9,15
2,10,0,65,9,15
3,14,1,65,9,15
4,17,1,65,9,15
5,22,1,65,9,15
6,30,1,65,9,15
7,39,3,65,9,15
8,42,3,65,9,15
9,46,3,65,9,15
10,49,3,65,9,15
11,52,3,65,9,15
12,60,3,65,9,15
13,68,5,65,9,15
14,71,5,65,9,15
15,86,6,65,9,15
16,93,7,65,9,15
17,97,7,65,9,15
18,100,7,65,9,15
19,106,7,65,9,15
20,116,7,65,9,15
21,127,8,65,9,15
22,145,10,65,9,15
23,149,11,65,9,15
24,156,11,65,9,15
25,159,12,65,9,15
26,163,12,65,9,15
27,170,12,65,9,15
28,181,13,65,9,15
29,188,13,65,9,15
30,195,13,65,9,15
31,199,13,65,9,15
32,202,13,65,9,15
33,207,13,65,9,15
34,211,13,65,9,15
35,214,14,65,9,15
36,216,14,65,9,15
37,223,15,65,9,15
38,230,15,65,9,15
39,233,15,65,9,15
40,239,15,65,9,15
41,248,15,65,9,15
42,256,15,65,9,15
43,261,16,65,9,15
44,268,16,65,9,15
45,271,16,65,9,15
46,282,16,65,9,15
47,291,16,65,9,15
48,293,16,65,9,15
49,303,16,65,9,15
50,305,16,65,9,15
51,308,16,65,9,15
52,310,16,65,9,15
53,313,16,65,9,15
54,318,16,65,9,15
55,322,16,65,9,15
56,328,16,65,9,15
57,335,17,65,9,15
58,340,17,65,9,15
59,342,17,65,9,15
60,348,17,65,9,15
61,357,17,65,9,15
62,362,17,65,9,15
63,366,17,65,9,15
64,371,17,65,9,15
65,385,17,65,9,15
66,396,17,65,9,15
67,408,18,65,9,15
68,413,18,65,9,15
69,417,19,65,9,15
70,425,20,65,9,15
71,428,20,65,9,15
72,429,20,65,9,15
73,430,20,65,9,15
74,431,20,65,9,15
75,435,20,65,9,15
76,443,20,65,9,15
77,453,21,65,9,15
78,457,21,65,9,15
79,463,21,65,9,15
80,465,21,65,9,15
81,466,21,65,9,15
82,469,21,65,9,15
83,469,21,65,9,15
84,470,21,65,9,15
85,471,21,65,9,15
86,473,22,65,9,15
87,478,22,65,9,15
88,481,22,65,9,15
89,483,22,65,9,15
90,485,22,65,9,15
91,496,23,65,9,15
92,497,23,65,9,15
93,498,23,65,9,15
94,501,23,65,9,15
95,503,23,65,9,15
96,505,23,65,9,15
97,507,23,65,9,15
98,510,23,65,9,15
99,512,23,65,9,15
100,515,23,65,9,15
101,525,24,65,9,15
102,528,24,65,9,15
103,529,24,65,9,15
104,531,24,65,9,15
105,534,24,65,9,15
106,538,24,65,9,15
107,542,24,65,9,15
108,542,24,65,9,15
109,553,24,65,9,15
110,557,24,65,9,15
111,559,24,65,9,15
112,566,24,65,9,15
113,574,24,65,9,15
114,580,24,65,9,15
115,585,25,65,9,15
116,589,25,65,9,15
117,600,25,65,9,15
118,611,26,65,9,15
119,629,27,65,9,15
120,632,27,65,9,15
121,634,27,65,9,15
122,637,27,65,9,15
123,643,27,65,9,15
124,651,27,65,9,15
125,660,27,65,9,15
126,663,27,65,9,15
127,667,27,65,9,15
128,674,27,65,9,15
129,677,27,65,9,15
130,685,28,65,9,15
131,689,29,65,9,15
132,693,30,65,9,15
133,696,30,65,9,15
134,704,30,65,9,15
135,716,31,65,9,15
136,723,31,65,9,15
137,730,31,65,9,15
138,736,32,65,9,15
139,739,32,65,9,15
140,745,32,65,9,15
141,747,32,65,9,15
142,753,33,65,9,15
143,757,33,65,9,15
144,771,33,65,9,15
145,774,33,65,9,15
146,778,33,65,9,15
147,783,34,65,9,15
148,791,34,65,9,15
149,793,34,65,9,15
150,795,34,65,9,15
151,796,34,65,9,15
152,797,34,65,9,15
153,800,34,65,9,15
154,804,34,65,9,15
155,808,34,65,9,15
156,812,34,65,9,15
157,817,35,65,9,15
158,819,35,65,9,15
159,819,35,65,9,15
160,820,35,65,9,15
161,822,35,65,9,15
162,826,36,65,9,15
163,828,36,65,9,15
164,831,36,65,9,15
165,836,36,65,9,15
166,840,36,65,9,15
167,841,36,65,9,15
168,842,36,65,9,15
169,845,37,65,9,15
170,851,38,65,9,15
171,853,38,65,9,15
172,859,38,65,9,15
173,862,38,65,9,15
174,870,38,65,9,15
175,873,39,65,9,15
176,873,39,65,9,15
177,875,40,65,9,15
178,879,40,65,9,15
179,882,40,65,9,15
180,884,40,65,9,15
181,892,40,65,9,15
182,901,40,65,9,15
183,907,40,65,9,15
184,909,40,65,9,15
185,913,40,65,9,15
186,915,40,65,9,15
187,921,40,65,9,15
188,921,40,65,9,15
189,921,40,65,9,15
190,924,41,65,9,15
191,927,42,65,9,15
192,929,42,65,9,15
193,932,42,65,9,15
194,938,43,65,9,15
195,938,43,65,9,15
196,941,43,65,9,15
197,944,43,65,9,15
198,945,43,65,9,15
199,949,43,65,9,15
200,960,46,65,9,15
201,962,47,65,9,15
202,962,47,65,9,15
203,962,47,65,9,15
204,964,47,65,9,15
205,971,47,65,9,15
206,976,48,65,9,15
207,978,48,65,9,15
208,980,48,65,9,15
209,986,48,65,9,15
210,989,49,65,9,15
211,991,49,65,9,15
212,992,49,65,9,15
213,997,49,65,9,15
214,1005,49,65,9,15
215,1008,49,65,9,15
216,1008,49,65,9,15
217,1011,49,65,9,15
218,1011,49,65,9,15
219,1012,49,65,9,15
220,1015,49,65,9,15
221,1017,49,65,9,15
222,1020,50,65,9,15
223,1020,50,65,9,15
224,1021,50,65,9,15
225,1023,50,65,9,15
226,1025,50,65,9,15
227,1026,50,65,9,15
228,1029,50,65,9,15
229,1031,50,65,9,15
230,1034,50,65,9,15
231,1035,50,65,9,15
232,1035,50,65,9,15
233,1037,50,65,9,15
234,1040,50,65,9,15
235,1045,50,65,9,15
236,1049,50,65,9,15
237,1051,50,65,9,15
238,1053,50,65,9,15
239,1053,50,65,9,15
240,1054,50,65,9,15
241,1055,51,65,9,15
242,1056,51,65,9,15
243,1058,51,65,9,15
244,1059,51,65,9,15
245,1061,51,65,9,15
246,1065,51,65,9,15
247,1071,51,65,9,15
248,1073,51,65,9,15
249,1077,51,65,9,15
250,1079,51,65,9,15
251,1081,51,65,9,15
252,1086,51,65,9,15
253,1093,51,65,9,15
254,1107,51,65,9,15
255,1110,52,65,9,15
256,1112,52,65,9,15
257,1115,52,65,9,15
258,1119,53,65,9,15
259,1120,53,65,9,15
260,1121,53,65,9,15
261,1121,53,65,9,15
262,1122,53,65,9,15
263,1125,53,65,9,15
264,1127,53,65,9,15
265,1130,53,65,9,15
266,1134,53,65,9,15
267,1138,53,65,9,15
268,1140,53,65,9,15
269,1143,53,65,9,15
270,1148,54,65,9,15
271,1148,54,65,9,15
272,1150,55,65,9,15
273,1154,55,65,9,15
274,1158,57,65,9,15
275,1160,58,65,9,15
276,1162,58,65,9,15
277,1163,58,65,9,15
278,1164,58,65,9,15
279,1166,58,65,9,15
280,1172,59,65,9,15
281,1179,60,65,9,15
282,1184,61,65,9,15
283,1185,61,65,9,15
284,1188,62,65,9,15
285,1190,62,65,9,15
286,1192,62,65,9,15
287,1193,62,65,9,15
288,1193,62,65,9,15
289,1193,62,65,9,15
290,1194,62,65,9,15
291,1195,62,65,9,15
292,1197,62,65,9,15
293,1201,62,65,9,15
294,1206,62,65,9,15
295,1208,62,65,9,15
296,1210,62,65,9,15
297,1212,62,65,9,15
298,1213,62,65,9,15
299,1216,62,65,9,15
300,1218,62,65,9,15
301,1218,62,65,9,15
302,1220,62,65,9,15
303,1221,62,65,9,15
304,1222,62,65,9,15
305,1223,62,65,9,15
306,1225,62,65,9,15
307,1227,62,65,9,15
308,1227,62,65,9,15
309,1227,62,65,9,15
310,1229,63,65,9,15
311,1230,63,65,9,15
312,1232,63,65,9,15
313,1234,63,65,9,15
314,1239,63,65,9,15
315,1243,63,65,9,15
316,1245,63,65,9,15
317,1246,63,65,9,15
318,1246,63,65,9,15
319,1247,63,65,9,15
320,1248,63,65,9,15
321,1250,63,65,9,15
322,1253,63,65,9,15
323,1269,64,65,9,15
324,1281,64,65,9,15
325,1289,64,65,9,15
326,1297,65,65,9,15
327,1304,65,65,9,15
328,1306,65,65,9,15
329,1307,65,65,9,15
330,1307,65,65,9,15
331,1308,65,65,9,15
332,1310,65,65,9,15
333,1313,66,65,9,15
334,1314,66,65,9,15
335,1317,66,65,9,15
336,1319,67,65,9,15
337,1325,68,65,9,15
338,1327,68,65,9,15
339,1330,68,65,9,15
340,1331,69,65,9,15
341,1332,69,65,9,15
342,1334,69,65,9,15
343,1336,69,65,9,15
344,1339,69,65,9,15
345,1342,70,65,9,15
346,1345,70,65,9,15
347,1351,71,65,9,15
348,1352,71,65,9,15
349,1356,71,65,9,15
350,1360,71,65,9,15
351,1361,71,65,9,15
352,1362,71,65,9,15
353,1363,71,65,9,15
354,1363,71,65,9,15
355,1365,71,65,9,15
356,1366,71,65,9,15
357,1368,71,65,9,15
358,1370,71,65,9,15
359,1370,71,65,9,15
360,1370,71,65,9,15
361,1372,71,65,9,15
362,1373,71,65,9,15
363,1375,71,65,9,15
364,1379,71,65,9,15
365,1380,72,65,9,15
366,1381,72,65,9,15
367,1381,72,65,9,15
368,1381,72,65,9,15
369,1381,72,65,9,15
370,1381,72,65,9,15
371,1382,72,65,9,15
372,1385,72,65,9,15
373,1392,72,65,9,15
374,1395,72,65,9,15
375,1395,72,65,9,15
376,1395,72,65,9,15
377,1395,72,65,9,15
378,1398,72,65,9,15
379,1399,72,65,9,15
380,1399,72,65,9,15
381,1399,72,65,9,15
382,1401,73,65,9,15
383,1401,73,65,9,15
384,1403,73,65,9,15
385,1407,74,65,9,15
386,1407,74,65,9,15
387,1407,74,65,9,15
388,1408,74,65,9,15
389,1409,74,65,9,15
390,1412,75,65,9,15
391,1412,75,65,9,15
392,1412,75,65,9,15
393,1412,75,65,9,15
394,1412,75,65,9,15
395,1412,75,65,9,15
396,1412,75,65,9,15
397,1412,75,65,9,15
398,1413,75,65,9,15
399,1413,75,65,9,15
400,1413,75,65,9,15
401,1413,75,65,9,15
402,1414,75,65,9,15
403,1414,75,65,9,15
404,1414,75,65,9,15
405,1414,75,65,9,15
406,1414,75,65,9,15
407,1414,75,65,9,15
408,1415,75,65,9,15
409,1417,75,65,9,15
410,1419,75,65,9,15
411,1424,75,65,9,15
412,1427,75,65,9,15
413,1430,75,65,9,15
414,1433,75,65,9,15
415,1434,75,65,9,15
416,1437,75,65,9,15
417,1437,75,65,9,15
418,1440,75,65,9,15
419,1441,75,65,9,15
420,1442,76,65,9,15
421,1442,76,65,9,15
422,1444,76,65,9,15
423,1450,76,65,9,15
424,1451,76,65,9,15
425,1455,76,65,9,15
426,1456,76,65,9,15
427,1458,76,65,9,15
428,1461,77,65,9,15
429,1464,77,65,9,15
430,1468,77,65,9,15
431,1474,77,65,9,15
432,1478,77,65,9,15
433,1480,77,65,9,15
434,1482,77,65,9,15
435,1482,77,65,9,15
436,1482,77,65,9,15
437,1482,77,65,9,15
438,1482,77,65,9,15
439,1482,77,65,9,15
440,1483,77,65,9,15
441,1485,77,65,9,15
442,1487,77,65,9,15
443,1491,78,65,9,15
444,1492,78,65,9,15
445,1492,78,65,9,15
446,1493,79,65,9,15
447,1495,79,65,9,15
448,1498,80,65,9,15
449,1499,80,65,9,15
450,1501,80,65,9,15
451,1506,80,65,9,15
452,1508,80,65,9,15
453,1508,80,65,9,15
454,1508,80,65,9,15
455,1508,80,65,9,15
456,1509,80,65,9,15
457,1509,80,65,9,15
458,1509,80,65,9,15
459,1509,80,65,9,15
460,1510,80,65,9,15
461,1511,80,65,9,15
462,1512,80,65,9,15
463,1515,80,65,9,15
464,1517,81,65,9,15
465,1524,81,65,9,15
466,1529,81,65,9,15
467,1530,81,65,9,15
468,1531,82,65,9,15
469,1532,82,65,9,15
470,1532,82,65,9,15
471,1533,82,65,9,15
472,1533,82,65,9,15
473,1534,82,65,9,15
474,1534,82,65,9,15
475,1535,82,65,9,15
476,1535,82,65,9,15
477,1535,82,65,9,15
478,1537,82,65,9,15
479,1540,82,65,9,15
480,1543,83,65,9,15
481,1545,84,65,9,15
482,1545,84,65,9,15
483,1545,84,65,9,15
484,1545,84,65,9,15
485,1545,84,65,9,15
486,1545,84,65,9,15
487,1545,84,65,9,15
488,1545,84,65,9,15
489,1547,85,65,9,15
490,1548,85,65,9,15
491,1548,85,65,9,15
492,1549,85,65,9,15
493,1549,85,65,9,15
494,1550,85,65,9,15
495,1551,85,65,9,15
496,1551,85,65,9,15
497,1551,85,65,9,15
498,1552,85,65,9,15
499,1553,86,65,9,15
0,1553,86,65,9,15
1,1553,86,4,2,3
2,1554,1,4,2,3
3,1554,1,4,2,3
4,1554,1,4,2,3
5,1554,1,4,2,3
6,1554,1,4,2,3
7,1554,1,4,2,3
8,1554,1,4,2,3
9,1554,1,4,2,3
10,1554,1,4,2,3
11,1554,1,4,2,3
12,1555,2,4,2,3
13,1555,2,4,2,3
14,1555,2,4,2,3
15,1555,2,4,2,3
16,1555,2,4,2,3
17,1555,2,4,2,3
18,1555,2,4,2,3
19,1556,3,4,2,3
20,1556,3,4,2,3
21,1556,3,4,2,3
22,1556,3,4,2,3
23,1556,3,4,2,3
24,1556,3,4,2,3
25,1556,3,4,2,3
26,1556,3,4,2,3
27,1556,3,4,2,3
28,1556,3,4,2,3
29,1556,3,4,2,3
30,1556,3,4,2,3
31,1557,4,4,2,3
32,1557,4,4,2,3
33,1558,5,4,2,3
34,1558,5,4,2,3
35,1559,6,4,2,3
36,1560,7,4,2,3
37,1561,8,4,2,3
38,1561,8,4,2,3
39,1561,8,4,2,3
40,1562,9,4,2,3
41,1562,9,4,2,3
42,1563,10,4,2,3
43,1563,10,4,2,3
44,1563,10,4,2,3
45,1563,10,4,2,3
46,1564,11,4,2,3
47,1564,11,4,2,3
48,1564,11,4,2,3
49,1564,11,4,2,3
50,1564,11,4,2,3
51,1564,11,4,2,3
52,1564,11,4,2,3
53,1564,11,4,2,3
54,1565,12,4,2,3
55,1565,12,4,2,3
56,1565,12,4,2,3
57,1566,13,4,2,3
58,1566,13,4,2,3
59,1566,13,4,2,3
60,1567,14,4,2,3
61,1567,14,4,2,3
62,1568,15,4,2,3
63,1569,16,4,2,3
64,1569,16,4,2,3
65,1569,16,4,2,3
66,1569,16,4,2,3
67,1569,16,4,2,3
68,1569,16,4,2,3
69,1569,16,4,2,3
70,1569,16,4,2,3
71,1569,16,4,2,3
72,1569,16,4,2,3
73,1569,16,4,2,3
74,1570,17,4,2,3
75,1570,17,4,2,3
76,1570,17,4,2,3
77,1571,18,4,2,3
78,1572,19,4,2,3
79,1572,19,4,2,3
80,1572,19,4,2,3
81,1572,19,4,2,3
82,1572,19,4,2,3
83,1572,19,4,2,3
84,1573,20,4,2,3
85,1574,21,4,2,3
86,1575,22,4,2,3
87,1575,22,4,2,3
88,1575,22,4,2,3
89,1575,22,4,2,3
90,1576,23,4,2,3
91,1576,23,4,2,3
92,1576,23,4,2,3
93,1576,23,4,2,3
94,1576,23,4,2,3
95,1577,24,4,2,3
96,1577,24,4,2,3
97,1577,24,4,2,3
98,1577,24,4,2,3
99,1577,24,4,2,3
100,1577,24,4,2,3
101,1577,24,4,2,3
102,1577,24,4,2,3
103,1577,24,4,2,3
104,1577,24,4,2,3
105,1578,25,4,2,3
106,1578,25,4,2,3
107,1578,25,4,2,3
108,1578,25,4,2,3
109,1578,25,4,2,3
110,1578,25,4,2,3
111,1578,25,4,2,3
112,1578,25,4,2,3
113,1579,26,4,2,3
114,1579,26,4,2,3
115,1579,26,4,2,3
116,1579,26,4,2,3
117,1579,26,4,2,3
118,1580,27,4,2,3
119,1580,27,4,2,3
120,1580,27,4,2,3
121,1581,28,4,2,3
122,1581,28,4,2,3
123,1582,29,4,2,3
124,1582,29,4,2,3
125,1583,30,4,2,3
126,1583,30,4,2,3
127,1583,30,4,2,3
128,1583,30,4,2,3
129,1583,30,4,2,3
130,1583,30,4,2,3
131,1583,30,4,2,3
132,1584,31,4,2,3
133,1584,31,4,2,3
134,1584,31,4,2,3
135,1584,31,4,2,3
136,1584,31,4,2,3
137,1584,31,4,2,3
138,1584,31,4,2,3
139,1584,31,4,2,3
140,1584,31,4,2,3
141,1585,32,4,2,3
142,1585,32,4,2,3
143,1585,32,4,2,3
144,1586,33,4,2,3
145,1586,33,4,2,3
146,1586,33,4,2,3
147,1587,34,4,2,3
148,1588,35,4,2,3
149,1588,35,4,2,3
150,1589,36,4,2,3
151,1589,36,4,2,3
152,1589,36,4,2,3
153,1589,36,4,2,3
154,1589,36,4,2,3
155,1590,37,4,2,3
156,1590,37,4,2,3
157,1590,37,4,2,3
158,1590,37,4,2,3
159,1590,37,4,2,3
160,1590,37,4,2,3
161,1590,37,4,2,3
162,1590,37,4,2,3
163,1590,37,4,2,3
164,1590,37,4,2,3
165,1590,37,4,2,3
166,1590,37,4,2,3
167,1590,37,4,2,3
168,1590,37,4,2,3
169,1590,37,4,2,3
170,1590,37,4,2,3
171,1590,37,4,2,3
172,1590,37,4,2,3
173,1590,37,4,2,3
174,1590,37,4,2,3
175,1590,37,4,2,3
176,1590,37,4,2,3
177,1590,37,4,2,3
178,1590,37,4,2,3
179,1591,38,4,2,3
180,1591,38,4,2,3
181,1591,38,4,2,3
182,1591,38,4,2,3
183,1591,38,4,2,3
184,1592,39,4,2,3
185,1592,39,4,2,3
186,1593,40,4,2,3
187,1593,40,4,2,3
188,1593,40,4,2,3
189,1594,41,4,2,3
190,1594,41,4,2,3
191,1594,41,4,2,3
192,1594,41,4,2,3
193,1594,41,4,2,3
194,1594,41,4,2,3
195,1594,41,4,2,3
196,1594,41,4,2,3
197,1594,41,4,2,3
198,1594,41,4,2,3
199,1594,41,4,2,3
200,1595,42,4,2,3
201,1595,42,4,2,3
202,1596,43,4,2,3
203,1596,43,4,2,3
204,1597,44,4,2,3
205,1598,45,4,2,3
206,1598,45,4,2,3
207,1598,45,4,2,3
208,1598,45,4,2,3
209,1598,45,4,2,3
210,1598,45,4,2,3
211,1598,45,4,2,3
212,1598,45,4,2,3
213,1598,45,4,2,3
214,1598,45,4,2,3
215,1598,45,4,2,3
216,1598,45,4,2,3
217,1599,46,4,2,3
218,1600,47,4,2,3
219,1600,47,4,2,3
220,1600,47,4,2,3
221,1600,47,4,2,3
222,1601,48,4,2,3
223,1602,49,4,2,3
224,1602,49,4,2,3
225,1602,49,4,2,3
226,1602,49,4,2,3
227,1602,49,4,2,3
228,1602,49,4,2,3
229,1602,49,4,2,3
230,1602,49,4,2,3
231,1602,49,4,2,3
232,1602,49,4,2,3
233,1602,49,4,2,3
234,1602,49,4,2,3
235,1602,49,4,2,3
236,1602,49,4,2,3
237,1603,50,4,2,3
238,1603,50,4,2,3
239,1603,50,4,2,3
240,1603,50,4,2,3
241,1603,50,4,2,3
242,1603,50,4,2,3
243,1604,51,4,2,3
244,1604,51,4,2,3
245,1604,51,4,2,3
246,1604,51,4,2,3
247,1604,51,4,2,3
248,1604,51,4,2,3
249,1604,51,4,2,3
250,1604,51,4,2,3
251,1604,51,4,2,3
252,1604,51,4,2,3
253,1604,51,4,2,3
254,1604,51,4,2,3
255,1604,51,4,2,3
256,1604,51,4,2,3
257,1604,51,4,2,3
258,1604,51,4,2,3
259,1604,51,4,2,3
260,1604,51,4,2,3
261,1604,51,4,2,3
262,1605,52,4,2,3
263,1605,52,4,2,3
264,1605,52,4,2,3
265,1605,52,4,2,3
266,1606,53,4,2,3
267,1606,53,4,2,3
268,1606,53,4,2,3
269,1607,54,4,2,3
270,1607,54,4,2,3
271,1607,54,4,2,3
272,1607,54,4,2,3
273,1607,54,4,2,3
274,1607,54,4,2,3
275,1607,54,4,2,3
276,1607,54,4,2,3
277,1607,54,4,2,3
278,1607,54,4,2,3
279,1607,54,4,2,3
280,1607,54,4,2,3
281,1607,54,4,2,3
282,1607,54,4,2,3
283,1607,54,4,2,3
284,1607,54,4,2,3
285,1607,54,4,2,3
286,1607,54,4,2,3
287,1607,54,4,2,3
288,1607,54,4,2,3
289,1607,54,4,2,3
290,1607,54,4,2,3
291,1607,54,4,2,3
292,1607,54,4,2,3
293,1607,54,4,2,3
294,1607,54,4,2,3
295,1608,55,4,2,3
296,1608,55,4,2,3
297,1608,55,4,2,3
298,1608,55,4,2,3
299,1608,55,4,2,3
300,1608,55,4,2,3
301,1608,55,4,2,3
302,1608,55,4,2,3
303,1608,55,4,2,3
304,1608,55,4,2,3
305,1608,55,4,2,3
306,1608,55,4,2,3
307,1608,55,4,2,3
308,1608,55,4,2,3
309,1608,55,4,2,3
310,1608,55,4,2,3
311,1608,55,4,2,3
312,1608,55,4,2,3
313,1608,55,4,2,3
314,1608,55,4,2,3
315,1608,55,4,2,3
316,1608,55,4,2,3
317,1608,55,4,2,3
318,1608,55,4,2,3
319,1608,55,4,2,3
320,1608,55,4,2,3
321,1608,55,4,2,3
322,1608,55,4,2,3
323,1608,55,4,2,3
324,1608,55,4,2,3
325,1608,55,4,2,3
326,1608,55,4,2,3
327,1608,55,4,2,3
328,1608,55,4,2,3
329,1608,55,4,2,3
330,1608,55,4,2,3
331,1608,55,4,2,3
332,1608,55,4,2,3
333,1608,55,4,2,3
334,1608,55,4,2,3
335,1608,55,4,2,3
336,1608,55,4,2,3
337,1608,55,4,2,3
338,1608,55,4,2,3
339,1608,55,4,2,3
340,1608,55,4,2,3
341,1608,55,4,2,3
342,1608,55,4,2,3
343,1608,55,4,2,3
344,1608,55,4,2,3
345,1608,55,4,2,3
346,1608,55,4,2,3
347,1608,55,4,2,3
348,1608,55,4,2,3
349,1608,55,4,2,3
350,1608,55,4,2,3
351,1609,56,4,2,3
352,1609,56,4,2,3
353,1609,56,4,2,3
354,1609,56,4,2,3
355,1610,57,4,2,3
356,1610,57,4,2,3
357,1610,57,4,2,3
358,1610,57,4,2,3
359,1610,57,4,2,3
360,1611,58,4,2,3
361,1611,58,4,2,3
362,1611,58,4,2,3
363,1611,58,4,2,3
364,1611,58,4,2,3
365,1611,58,4,2,3
366,1611,58,4,2,3
367,1611,58,4,2,3
368,1611,58,4,2,3
369,1611,58,4,2,3
370,1611,58,4,2,3
371,1611,58,4,2,3
372,1611,58,4,2,3
373,1612,59,4,2,3
374,1612,59,4,2,3
375,1612,59,4,2,3
376,1612,59,4,2,3
377,1612,59,4,2,3
378,1612,59,4,2,3
379,1612,59,4,2,3
380,1612,59,4,2,3
381,1612,59,4,2,3
382,1612,59,4,2,3
383,1612,59,4,2,3
384,1612,59,4,2,3
385,1612,59,4,2,3
386,1612,59,4,2,3
387,1612,59,4,2,3
388,1612,59,4,2,3
389,1612,59,4,2,3
390,1612,59,4,2,3
391,1612,59,4,2,3
392,1612,59,4,2,3
393,1612,59,4,2,3
394,1612,59,4,2,3
395,1612,59,4,2,3
396,1612,59,4,2,3
397,1612,59,4,2,3
398,1612,59,4,2,3
399,1612,59,4,2,3
400,1612,59,4,2,3
401,1612,59,4,2,3
402,1612,59,4,2,3
403,1612,59,4,2,3
404,1612,59,4,2,3
405,1612,59,4,2,3
406,1612,59,4,2,3
407,1612,59,4,2,3
408,1612,59,4,2,3
409,1612,59,4,2,3
410,1612,59,4,2,3
411,1612,59,4,2,3
412,1612,59,4,2,3
413,1612,59,4,2,3
414,1612,59,4,2,3
415,1612,59,4,2,3
416,1612,59,4,2,3
417,1612,59,4,2,3
418,1612,59,4,2,3
419,1612,59,4,2,3
420,1612,59,4,2,3
421,1612,59,4,2,3
422,1612,59,4,2,3
423,1612,59,4,2,3
424,1612,59,4,2,3
425,1612,59,4,2,3
426,1612,59,4,2,3
427,1612,59,4,2,3
428,1612,59,4,2,3
429,1612,59,4,2,3
430,1612,59,4,2,3
431,1612,59,4,2,3
432,1612,59,4,2,3
433,1612,59,4,2,3
434,1612,59,4,2,3
435,1612,59,4,2,3
436,1612,59,4,2,3
437,1612,59,4,2,3
438,1613,60,4,2,3
439,1613,60,4,2,3
440,1613,60,4,2,3
441,1613,60,4,2,3
442,1613,60,4,2,3
443,1613,60,4,2,3
444,1613,60,4,2,3
445,1613,60,4,2,3
446,1613,60,4,2,3
447,1613,60,4,2,3
448,1614,61,4,2,3
449,1614,61,4,2,3
450,1614,61,4,2,3
451,1614,61,4,2,3
452,1614,61,4,2,3
453,1614,61,4,2,3
454,1614,61,4,2,3
455,1615,62,4,2,3
456,1615,62,4,2,3
457,1615,62,4,2,3
458,1615,62,4,2,3
459,1615,62,4,2,3
460,1615,62,4,2,3
461,1615,62,4,2,3
462,1615,62,4,2,3
463,1615,62,4,2,3
464,1615,62,4,2,3
465,1615,62,4,2,3
466,1615,62,4,2,3
467,1615,62,4,2,3
468,1615,62,4,2,3
469,1615,62,4,2,3
470,1615,62,4,2,3
471,1615,62,4,2,3
472,1615,62,4,2,3
473,1615,62,4,2,3
474,1615,62,4,2,3
475,1615,62,4,2,3
476,1615,62,4,2,3
477,1615,62,4,2,3
478,1615,62,4,2,3
479,1615,62,4,2,3
480,1615,62,4,2,3
481,1615,62,4,2,3
482,1615,62,4,2,3
483,1615,62,4,2,3
484,1615,62,4,2,3
485,1615,62,4,2,3
486,1615,62,4,2,3
487,1615,62,4,2,3
488,1615,62,4,2,3
489,1615,62,4,2,3
490,1615,62,4,2,3
491,1615,62,4,2,3
492,1615,62,4,2,3
493,1615,62,4,2,3
494,1615,62,4,2,3
495,1615,62,4,2,3
496,1615,62,4,2,3
497,1615,62,4,2,3
498,1615,62,4,2,3
499,1615,62,4,2,3
0,1615,62,4,2,3
1,1615,62,14,8,5
2,1616,62,14,8,5
3,1617,62,14,8,5
4,1618,62,14,8,5
5,1621,1,14,8,5
6,1621,1,14,8,5
7,1621,1,14,8,5
8,1622,1,14,8,5
9,1623,2,14,8,5
10,1623,2,14,8,5
11,1623,2,14,8,5
12,1624,2,14,8,5
13,1625,2,14,8,5
14,1625,2,14,8,5
15,1625,2,14,8,5
16,1626,3,14,8,5
17,1627,3,14,8,5
18,1632,3,14,8,5
19,1636,3,14,8,5
20,1638,3,14,8,5
21,1639,3,14,8,5
22,1640,3,14,8,5
23,1642,3,14,8,5
24,1643,3,14,8,5
25,1644,3,14,8,5
26,1646,3,14,8,5
27,1647,3,14,8,5
28,1648,3,14,8,5
29,1650,3,14,8,5
30,1651,4,14,8,5
31,1652,5,14,8,5
32,1652,5,14,8,5
33,1653,5,14,8,5
34,1655,7,14,8,5
35,1655,7,14,8,5
36,1658,8,14,8,5
37,1660,9,14,8,5
38,1662,10,14,8,5
39,1663,10,14,8,5
40,1664,11,14,8,5
41,1664,11,14,8,5
42,1664,11,14,8,5
43,1664,11,14,8,5
44,1665,11,14,8,5
45,1667,12,14,8,5
46,1667,12,14,8,5
47,1668,13,14,8,5
48,1668,13,14,8,5
49,1669,13,14,8,5
50,1670,13,14,8,5
51,1672,14,14,8,5
52,1672,14,14,8,5
53,1673,14,14,8,5
54,1674,14,14,8,5
55,1676,15,14,8,5
56,1678,15,14,8,5
57,1678,15,14,8,5
58,1679,15,14,8,5
59,1679,15,14,8,5
60,1680,15,14,8,5
61,1682,16,14,8,5
62,1682,16,14,8,5
63,1682,16,14,8,5
64,1683,16,14,8,5
65,1685,17,14,8,5
66,1686,17,14,8,5
67,1688,18,14,8,5
68,1689,18,14,8,5
69,1689,18,14,8,5
70,1691,18,14,8,5
71,1693,19,14,8,5
72,1694,20,14,8,5
73,1694,20,14,8,5
74,1694,20,14,8,5
75,1694,20,14,8,5
76,1694,20,14,8,5
77,1694,20,14,8,5
78,1695,20,14,8,5
79,1697,20,14,8,5
80,1698,21,14,8,5
81,1700,21,14,8,5
82,1700,21,14,8,5
83,1700,21,14,8,5
84,1700,21,14,8,5
85,1700,21,14,8,5
86,1702,21,14,8,5
87,1704,21,14,8,5
88,1704,21,14,8,5
89,1704,21,14,8,5
90,1705,21,14,8,5
91,1705,21,14,8,5
92,1706,21,14,8,5
93,1706,21,14,8,5
94,1708,22,14,8,5
95,1710,22,14,8,5
96,1710,22,14,8,5
97,1711,22,14,8,5
98,1712,22,14,8,5
99,1713,22,14,8,5
100,1713,22,14,8,5
101,1717,22,14,8,5
102,1717,22,14,8,5
103,1718,22,14,8,5
104,1719,22,14,8,5
105,1719,22,14,8,5
106,1719,22,14,8,5
107,1726,23,14,8,5
108,1726,23,14,8,5
109,1726,23,14,8,5
110,1726,23,14,8,5
111,1727,23,14,8,5
112,1727,23,14,8,5
113,1727,23,14,8,5
114,1727,23,14,8,5
115,1730,24,14,8,5
116,1730,24,14,8,5
117,1730,24,14,8,5
118,1730,24,14,8,5
119,1732,25,14,8,5
120,1732,25,14,8,5
121,1734,26,14,8,5
122,1735,26,14,8,5
123,1736,26,14,8,5
124,1736,26,14,8,5
125,1738,27,14,8,5
126,1740,27,14,8,5
127,1741,27,14,8,5
128,1743,28,14,8,5
129,1744,28,14,8,5
130,1744,28,14,8,5
131,1744,28,14,8,5
132,1745,29,14,8,5
133,1745,29,14,8,5
134,1745,29,14,8,5
135,1745,29,14,8,5
136,1745,29,14,8,5
137,1746,29,14,8,5
138,1747,30,14,8,5
139,1747,30,14,8,5
140,1747,30,14,8,5
141,1748,30,14,8,5
142,1749,31,14,8,5
143,1749,31,14,8,5
144,1749,31,14,8,5
145,1751,32,14,8,5
146,1752,33,14,8,5
147,1752,33,14,8,5
148,1752,33,14,8,5
149,1753,33,14,8,5
150,1754,33,14,8,5
151,1754,33,14,8,5
152,1754,33,14,8,5
153,1755,33,14,8,5
154,1756,34,14,8,5
155,1757,34,14,8,5
156,1758,34,14,8,5
157,1758,34,14,8,5
158,1758,34,14,8,5
159,1759,35,14,8,5
160,1761,35,14,8,5
161,1761,35,14,8,5
162,1761,35,14,8,5
163,1762,35,14,8,5
164,1762,35,14,8,5
165,1763,36,14,8,5
166,1763,36,14,8,5
167,1763,36,14,8,5
168,1763,36,14,8,5
169,1765,37,14,8,5
170,1765,37,14,8,5
171,1765,37,14,8,5
172,1766,38,14,8,5
173,1766,38,14,8,5
174,1766,38,14,8,5
175,1766,38,14,8,5
176,1768,38,14,8,5
177,1769,38,14,8,5
178,1769,38,14,8,5
179,1769,38,14,8,5
180,1769,38,14,8,5
181,1770,38,14,8,5
182,1772,38,14,8,5
183,1774,39,14,8,5
184,1776,39,14,8,5
185,1776,39,14,8,5
186,1776,39,14,8,5
187,1777,39,14,8,5
188,1778,40,14,8,5
189,1778,40,14,8,5
190,1778,40,14,8,5
191,1780,40,14,8,5
192,1780,40,14,8,5
193,1781,40,14,8,5
194,1783,41,14,8,5
195,1785,42,14,8,5
196,1786,42,14,8,5
197,1786,42,14,8,5
198,1786,42,14,8,5
199,1786,42,14,8,5
200,1786,42,14,8,5
201,1786,42,14,8,5
202,1788,43,14,8,5
203,1788,43,14,8,5
204,1789,43,14,8,5
205,1789,43,14,8,5
206,1790,43,14,8,5
207,1790,43,14,8,5
208,1790,43,14,8,5
209,1791,43,14,8,5
210,1791,43,14,8,5
211,1792,43,14,8,5
212,1793,43,14,8,5
213,1795,44,14,8,5
214,1795,44,14,8,5
215,1795,44,14,8,5
216,1795,44,14,8,5
217,1796,45,14,8,5
218,1797,46,14,8,5
219,1798,47,14,8,5
220,1798,47,14,8,5
221,1798,47,14,8,5
222,1798,47,14,8,5
223,1798,47,14,8,5
224,1798,47,14,8,5
225,1799,48,14,8,5
226,1799,48,14,8,5
227,1799,48,14,8,5
228,1800,48,14,8,5
229,1801,48,14,8,5
230,1802,48,14,8,5
231,1804,49,14,8,5
232,1804,49,14,8,5
233,1804,49,14,8,5
234,1804,49,14,8,5
235,1804,49,14,8,5
236,1804,49,14,8,5
237,1805,49,14,8,5
238,1805,49,14,8,5
239,1805,49,14,8,5
240,1805,49,14,8,5
241,1805,49,14,8,5
242,1806,50,14,8,5
243,1806,50,14,8,5
244,1807,50,14,8,5
245,1808,50,14,8,5
246,1812,51,14,8,5
247,1812,51,14,8,5
248,1812,51,14,8,5
249,1812,51,14,8,5
250,1812,51,14,8,5
251,1812,51,14,8,5
252,1814,51,14,8,5
253,1816,53,14,8,5
254,1817,53,14,8,5
255,1817,53,14,8,5
256,1817,53,14,8,5
257,1817,53,14,8,5
258,1817,53,14,8,5
259,1817,53,14,8,5
260,1817,53,14,8,5
261,1817,53,14,8,5
262,1817,53,14,8,5
263,1818,54,14,8,5
264,1818,54,14,8,5
265,1818,54,14,8,5
266,1819,54,14,8,5
267,1820,54,14,8,5
268,1820,54,14,8,5
269,1822,55,14,8,5
270,1824,56,14,8,5
271,1824,56,14,8,5
272,1824,56,14,8,5
273,1824,56,14,8,5
274,1824,56,14,8,5
275,1824,56,14,8,5
276,1824,56,14,8,5
277,1824,56,14,8,5
278,1824,56,14,8,5
279,1826,57,14,8,5
280,1826,57,14,8,5
281,1826,57,14,8,5
282,1826,57,14,8,5
283,1826,57,14,8,5
284,1828,57,14,8,5
285,1828,57,14,8,5
286,1828,57,14,8,5
287,1829,57,14,8,5
288,1830,57,14,8,5
289,1830,57,14,8,5
290,1830,57,14,8,5
291,1830,57,14,8,5
292,1832,57,14,8,5
293,1834,58,14,8,5
294,1835,58,14,8,5
295,1835,58,14,8,5
296,1835,58,14,8,5
297,1835,58,14,8,5
298,1835,58,14,8,5
299,1836,58,14,8,5
300,1840,59,14,8,5
301,1842,59,14,8,5
302,1842,59,14,8,5
303,1845,59,14,8,5
304,1845,59,14,8,5
305,1845,59,14,8,5
306,1845,59,14,8,5
307,1845,59,14,8,5
308,1845,59,14,8,5
309,1845,59,14,8,5
310,1846,59,14,8,5
311,1847,59,14,8,5
312,1847,59,14,8,5
313,1847,59,14,8,5
314,1847,59,14,8,5
315,1847,59,14,8,5
316,1847,59,14,8,5
317,1848,59,14,8,5
318,1848,59,14,8,5
319,1848,59,14,8,5
320,1848,59,14,8,5
321,1848,59,14,8,5
322,1848,59,14,8,5
323,1848,59,14,8,5
324,1848,59,14,8,5
325,1848,59,14,8,5
326,1848,59,14,8,5
327,1849,59,14,8,5
328,1851,60,14,8,5
329,1851,60,14,8,5
330,1852,61,14,8,5
331,1852,61,14,8,5
332,1852,61,14,8,5
333,1852,61,14,8,5
334,1852,61,14,8,5
335,1852,61,14,8,5
336,1852,61,14,8,5
337,1852,61,14,8,5
338,1852,61,14,8,5
339,1853,61,14,8,5
340,1854,61,14,8,5
341,1855,62,14,8,5
342,1855,62,14,8,5
343,1855,62,14,8,5
344,1855,62,14,8,5
345,1856,62,14,8,5
346,1856,62,14,8,5
347,1856,62,14,8,5
348,1856,62,14,8,5
349,1856,62,14,8,5
350,1856,62,14,8,5
351,1856,62,14,8,5
352,1856,62,14,8,5
353,1856,62,14,8,5
354,1856,62,14,8,5
355,1856,62,14,8,5
356,1856,62,14,8,5
357,1856,62,14,8,5
358,1856,62,14,8,5
359,1856,62,14,8,5
360,1856,62,14,8,5
361,1856,62,14,8,5
362,1857,62,14,8,5
363,1857,62,14,8,5
364,1857,62,14,8,5
365,1857,62,14,8,5
366,1857,62,14,8,5
367,1858,62,14,8,5
368,1858,62,14,8,5
369,1858,62,14,8,5
370,1859,62,14,8,5
371,1859,62,14,8,5
372,1859,62,14,8,5
373,1859,62,14,8,5
374,1859,62,14,8,5
375,1859,62,14,8,5
376,1859,62,14,8,5
377,1859,62,14,8,5
378,1859,62,14,8,5
379,1859,62,14,8,5
380,1859,62,14,8,5
381,1859,62,14,8,5
382,1859,62,14,8,5
383,1859,62,14,8,5
384,1859,62,14,8,5
385,1859,62,14,8,5
386,1859,62,14,8,5
387,1859,62,14,8,5
388,1859,62,14,8,5
389,1859,62,14,8,5
390,1860,62,14,8,5
391,1860,62,14,8,5
392,1860,62,14,8,5
393,1860,62,14,8,5
394,1860,62,14,8,5
395,1860,62,14,8,5
396,1860,62,14,8,5
397,1861,63,14,8,5
398,1861,63,14,8,5
399,1861,63,14,8,5
400,1861,63,14,8,5
401,1861,63,14,8,5
402,1861,63,14,8,5
403,1861,63,14,8,5
404,1861,63,14,8,5
405,1861,63,14,8,5
406,1861,63,14,8,5
407,1861,63,14,8,5
408,1861,63,14,8,5
409,1861,63,14,8,5
410,1861,63,14,8,5
411,1864,64,14,8,5
412,1864,64,14,8,5
413,1864,64,14,8,5
414,1864,64,14,8,5
415,1864,64,14,8,5
416,1864,64,14,8,5
417,1864,64,14,8,5
418,1864,64,14,8,5
419,1864,64,14,8,5
420,1864,64,14,8,5
421,1865,64,14,8,5
422,1865,64,14,8,5
423,1865,64,14,8,5
424,1865,64,14,8,5
425,1865,64,14,8,5
426,1865,64,14,8,5
427,1865,64,14,8,5
428,1865,64,14,8,5
429,1865,64,14,8,5
430,1865,64,14,8,5
431,1865,64,14,8,5
432,1865,64,14,8,5
433,1865,64,14,8,5
434,1865,64,14,8,5
435,1867,65,14,8,5
436,1869,65,14,8,5
437,1869,65,14,8,5
438,1870,65,14,8,5
439,1870,65,14,8,5
440,1870,65,14,8,5
441,1870,65,14,8,5
442,1871,65,14,8,5
443,1872,65,14,8,5
444,1872,65,14,8,5
445,1872,65,14,8,5
446,1872,65,14,8,5
447,1872,65,14,8,5
448,1872,65,14,8,5
449,1877,65,14,8,5
450,1877,65,14,8,5
451,1877,65,14,8,5
452,1877,65,14,8,5
453,1877,65,14,8,5
454,1877,65,14,8,5
455,1879,65,14,8,5
456,1880,65,14,8,5
457,1881,66,14,8,5
458,1881,66,14,8,5
459,1882,66,14,8,5
460,1882,66,14,8,5
461,1882,66,14,8,5
462,1882,66,14,8,5
463,1883,66,14,8,5
464,1884,66,14,8,5
465,1884,66,14,8,5
466,1884,66,14,8,5
467,1884,66,14,8,5
468,1884,66,14,8,5
469,1884,66,14,8,5
470,1884,66,14,8,5
471,1884,66,14,8,5
472,1884,66,14,8,5
473,1884,66,14,8,5
474,1884,66,14,8,5
475,1885,67,14,8,5
476,1885,67,14,8,5
477,1887,68,14,8,5
478,1887,68,14,8,5
479,1887,68,14,8,5
480,1887,68,14,8,5
481,1887,68,14,8,5
482,1887,68,14,8,5
483,1887,68,14,8,5
484,1887,68,14,8,5
485,1887,68,14,8,5
486,1887,68,14,8,5
487,1887,68,14,8,5
488,1887,68,14,8,5
489,1887,68,14,8,5
490,1887,68,14,8,5
491,1887,68,14,8,5
492,1887,68,14,8,5
493,1888,68,14,8,5
494,1888,68,14,8,5
495,1888,68,14,8,5
496,1888,68,14,8,5
497,1888,68,14,8,5
498,1888,68,14,8,5
499,1888,68,14,8,5
0,1888,68,14,8,5
1,1888,68,9,7,3
2,1888,68,9,7,3
3,1888,68,9,7,3
4,1890,68,9,7,3
5,1890,68,9,7,3
6,1890,68,9,7,3
7,1890,68,9,7,3
8,1891,68,9,7,3
9,1892,68,9,7,3
10,1893,68,9,7,3
11,1894,68,9,7,3
12,1895,68,9,7,3
13,1895,68,9,7,3
14,1895,68,9,7,3
15,1895,68,9,7,3
16,1895,68,9,7,3
17,1895,68,9,7,3
18,1896,1,9,7,3
19,1896,1,9,7,3
20,1896,1,9,7,3
21,1896,1,9,7,3
22,1897,2,9,7,3
23,1897,2,9,7,3
24,1898,2,9,7,3
25,1898,2,9,7,3
26,1898,2,9,7,3
27,1899,3,9,7,3
28,1899,3,9,7,3
29,1900,4,9,7,3
30,1900,4,9,7,3
31,1900,4,9,7,3
32,1900,4,9,7,3
33,1900,4,9,7,3
34,1901,5,9,7,3
35,1902,5,9,7,3
36,1902,5,9,7,3
37,1902,5,9,7,3
38,1904,5,9,7,3
39,1906,5,9,7,3
40,1908,6,9,7,3
41,1909,7,9,7,3
42,1909,7,9,7,3
43,1909,7,9,7,3
44,1909,7,9,7,3
45,1909,7,9,7,3
46,1910,8,9,7,3
47,1910,8,9,7,3
48,1912,8,9,7,3
49,1914,9,9,7,3
50,1914,9,9,7,3
51,1914,9,9,7,3
52,1914,9,9,7,3
53,1914,9,9,7,3
54,1916,10,9,7,3
55,1917,10,9,7,3
56,1917,10,9,7,3
57,1921,12,9,7,3
58,1921,12,9,7,3
59,1921,12,9,7,3
60,1921,12,9,7,3
61,1921,12,9,7,3
62,1922,12,9,7,3
63,1925,13,9,7,3
64,1927,13,9,7,3
65,1927,13,9,7,3
66,1928,13,9,7,3
67,1929,13,9,7,3
68,1929,13,9,7,3
69,1929,13,9,7,3
70,1930,13,9,7,3
71,1930,13,9,7,3
72,1930,13,9,7,3
73,1930,13,9,7,3
74,1932,14,9,7,3
75,1932,14,9,7,3
76,1932,14,9,7,3
77,1934,15,9,7,3
78,1934,15,9,7,3
79,1935,15,9,7,3
80,1937,15,9,7,3
81,1938,15,9,7,3
82,1941,16,9,7,3
83,1941,16,9,7,3
84,1942,16,9,7,3
85,1942,16,9,7,3
86,1942,16,9,7,3
87,1942,16,9,7,3
88,1942,16,9,7,3
89,1942,16,9,7,3
90,1942,16,9,7,3
91,1942,16,9,7,3
92,1943,16,9,7,3
93,1943,16,9,7,3
94,1944,17,9,7,3
95,1944,17,9,7,3
96,1944,17,9,7,3
97,1944,17,9,7,3
98,1945,18,9,7,3
99,1946,18,9,7,3
100,1946,18,9,7,3
101,1946,18,9,7,3
102,1946,18,9,7,3
103,1946,18,9,7,3
104,1946,18,9,7,3
105,1946,18,9,7,3
106,1947,19,9,7,3
107,1948,20,9,7,3
108,1949,21,9,7,3
109,1949,21,9,7,3
110,1949,21,9,7,3
111,1949,21,9,7,3
112,1950,22,9,7,3
113,1950,22,9,7,3
114,1950,22,9,7,3
115,1951,23,9,7,3
116,1951,23,9,7,3
117,1951,23,9,7,3
118,1953,24,9,7,3
119,1955,24,9,7,3
120,1955,24,9,7,3
121,1955,24,9,7,3
122,1957,24,9,7,3
123,1958,24,9,7,3
124,1958,24,9,7,3
125,1958,24,9,7,3
126,1959,24,9,7,3
127,1959,24,9,7,3
128,1959,24,9,7,3
129,1959,24,9,7,3
130,1959,24,9,7,3
131,1959,24,9,7,3
132,1960,24,9,7,3
133,1960,24,9,7,3
134,1961,24,9,7,3
135,1962,25,9,7,3
136,1962,25,9,7,3
137,1962,25,9,7,3
138,1962,25,9,7,3
139,1963,25,9,7,3
140,1964,25,9,7,3
141,1964,25,9,7,3
142,1964,25,9,7,3
143,1964,25,9,7,3
144,1965,25,9,7,3
145,1965,25,9,7,3
146,1965,25,9,7,3
147,1965,25,9,7,3
148,1966,25,9,7,3
149,1968,25,9,7,3
150,1970,25,9,7,3
151,1970,25,9,7,3
152,1970,25,9,7,3
153,1970,25,9,7,3
154,1970,25,9,7,3
155,1971,26,9,7,3
156,1971,26,9,7,3
157,1972,27,9,7,3
158,1974,27,9,7,3
159,1974,27,9,7,3
160,1974,27,9,7,3
161,1974,27,9,7,3
162,1974,27,9,7,3
163,1974,27,9,7,3
164,1976,27,9,7,3
165,1978,28,9,7,3
166,1980,29,9,7,3
167,1982,29,9,7,3
168,1983,30,9,7,3
169,1984,30,9,7,3
170,1984,30,9,7,3
171,1984,30,9,7,3
172,1985,30,9,7,3
173,1985,30,9,7,3
174,1985,30,9,7,3
175,1986,30,9,7,3
176,1986,30,9,7,3
177,1987,30,9,7,3
178,1988,30,9,7,3
179,1988,30,9,7,3
180,1988,30,9,7,3
181,1989,30,9,7,3
182,1989,30,9,7,3
183,1989,30,9,7,3
184,1989,30,9,7,3
185,1991,30,9,7,3
186,1991,30,9,7,3
187,1991,30,9,7,3
188,1991,30,9,7,3
189,1991,30,9,7,3
190,1991,30,9,7,3
191,1991,30,9,7,3
192,1992,30,9,7,3
193,1994,30,9,7,3
194,1995,30,9,7,3
195,1995,30,9,7,3
196,1996,30,9,7,3
197,1996,30,9,7,3
198,1996,30,9,7,3
199,1997,30,9,7,3
200,1998,30,9,7,3
201,2000,31,9,7,3
202,2000,31,9,7,3
203,2000,31,9,7,3
204,2000,31,9,7,3
205,2001,32,9,7,3
206,2001,32,9,7,3
207,2001,32,9,7,3
208,2002,32,9,7,3
209,2005,33,9,7,3
210,2007,33,9,7,3
211,2007,33,9,7,3
212,2007,33,9,7,3
213,2008,34,9,7,3
214,2008,34,9,7,3
215,2009,35,9,7,3
216,2009,35,9,7,3
217,2010,36,9,7,3
218,2010,36,9,7,3
219,2010,36,9,7,3
220,2010,36,9,7,3
221,2011,37,9,7,3
222,2011,37,9,7,3
223,2011,37,9,7,3
224,2011,37,9,7,3
225,2011,37,9,7,3
226,2011,37,9,7,3
227,2011,37,9,7,3
228,2011,37,9,7,3
229,2011,37,9,7,3
230,2011,37,9,7,3
231,2011,37,9,7,3
232,2012,37,9,7,3
233,2016,37,9,7,3
234,2019,38,9,7,3
235,2019,38,9,7,3
236,2019,38,9,7,3
237,2019,38,9,7,3
238,2019,38,9,7,3
239,2019,38,9,7,3
240,2019,38,9,7,3
241,2019,38,9,7,3
242,2020,39,9,7,3
243,2020,39,9,7,3
244,2026,40,9,7,3
245,2027,41,9,7,3
246,2027,41,9,7,3
247,2027,41,9,7,3
248,2027,41,9,7,3
249,2028,42,9,7,3
250,2028,42,9,7,3
251,2028,42,9,7,3
252,2029,43,9,7,3
253,2029,43,9,7,3
254,2029,43,9,7,3
255,2030,43,9,7,3
256,2032,43,9,7,3
257,2032,43,9,7,3
258,2032,43,9,7,3
259,2032,43,9,7,3
260,2032,43,9,7,3
261,2033,44,9,7,3
262,2033,44,9,7,3
263,2033,44,9,7,3
264,2033,44,9,7,3
265,2033,44,9,7,3
266,2033,44,9,7,3
267,2033,44,9,7,3
268,2033,44,9,7,3
269,2036,44,9,7,3
270,2036,44,9,7,3
271,2036,44,9,7,3
272,2036,44,9,7,3
273,2036,44,9,7,3
274,2036,44,9,7,3
275,2037,45,9,7,3
276,2037,45,9,7,3
277,2038,45,9,7,3
278,2038,45,9,7,3
279,2040,45,9,7,3
280,2040,45,9,7,3
281,2040,45,9,7,3
282,2040,45,9,7,3
283,2040,45,9,7,3
284,2040,45,9,7,3
285,2041,46,9,7,3
286,2043,46,9,7,3
287,2043,46,9,7,3
288,2043,46,9,7,3
289,2043,46,9,7,3
290,2043,46,9,7,3
291,2044,46,9,7,3
292,2045,47,9,7,3
293,2047,48,9,7,3
294,2047,48,9,7,3
295,2047,48,9,7,3
296,2049,48,9,7,3
297,2049,48,9,7,3
298,2049,48,9,7,3
299,2049,48,9,7,3
300,2049,48,9,7,3
301,2049,48,9,7,3
302,2050,48,9,7,3
303,2051,48,9,7,3
304,2051,48,9,7,3
305,2051,48,9,7,3
306,2051,48,9,7,3
307,2051,48,9,7,3
308,2051,48,9,7,3
309,2052,49,9,7,3
310,2052,49,9,7,3
311,2052,49,9,7,3
312,2052,49,9,7,3
313,2052,49,9,7,3
314,2052,49,9,7,3
315,2052,49,9,7,3
316,2053,50,9,7,3
317,2054,50,9,7,3
318,2054,50,9,7,3
319,2054,50,9,7,3
320,2054,50,9,7,3
321,2055,51,9,7,3
322,2055,51,9,7,3
323,2056,52,9,7,3
324,2056,52,9,7,3
325,2057,52,9,7,3
326,2057,52,9,7,3
327,2057,52,9,7,3
328,2057,52,9,7,3
329,2057,52,9,7,3
330,2058,52,9,7,3
331,2058,52,9,7,3
332,2059,52,9,7,3
333,2059,52,9,7,3
334,2059,52,9,7,3
335,2059,52,9,7,3
336,2059,52,9,7,3
337,2059,52,9,7,3
338,2059,52,9,7,3
339,2059,52,9,7,3
340,2059,52,9,7,3
341,2059,52,9,7,3
342,2063,53,9,7,3
343,2063,53,9,7,3
344,2063,53,9,7,3
345,2063,53,9,7,3
346,2064,54,9,7,3
347,2064,54,9,7,3
348,2064,54,9,7,3
349,2065,54,9,7,3
350,2065,54,9,7,3
351,2065,54,9,7,3
352,2065,54,9,7,3
353,2065,54,9,7,3
354,2065,54,9,7,3
355,2065,54,9,7,3
356,2065,54,9,7,3
357,2065,54,9,7,3
358,2065,54,9,7,3
359,2065,54,9,7,3
360,2065,54,9,7,3
361,2065,54,9,7,3
362,2066,55,9,7,3
363,2067,56,9,7,3
364,2070,56,9,7,3
365,2070,56,9,7,3
366,2070,56,9,7,3
367,2070,56,9,7,3
368,2070,56,9,7,3
369,2071,57,9,7,3
370,2071,57,9,7,3
371,2071,57,9,7,3
372,2072,57,9,7,3
373,2072,57,9,7,3
374,2073,57,9,7,3
375,2074,58,9,7,3
376,2074,58,9,7,3
377,2074,58,9,7,3
378,2074,58,9,7,3
379,2074,58,9,7,3
380,2074,58,9,7,3
381,2074,58,9,7,3
382,2074,58,9,7,3
383,2074,58,9,7,3
384,2074,58,9,7,3
385,2074,58,9,7,3
386,2074,58,9,7,3
387,2074,58,9,7,3
388,2074,58,9,7,3
389,2074,58,9,7,3
390,2074,58,9,7,3
391,2075,59,9,7,3
392,2075,59,9,7,3
393,2076,59,9,7,3
394,2076,59,9,7,3
395,2077,60,9,7,3
396,2077,60,9,7,3
397,2077,60,9,7,3
398,2077,60,9,7,3
399,2077,60,9,7,3
400,2077,60,9,7,3
401,2078,61,9,7,3
402,2078,61,9,7,3
403,2078,61,9,7,3
404,2078,61,9,7,3
405,2078,61,9,7,3
406,2078,61,9,7,3
407,2078,61,9,7,3
408,2078,61,9,7,3
409,2078,61,9,7,3
410,2078,61,9,7,3
411,2078,61,9,7,3
412,2078,61,9,7,3
413,2078,61,9,7,3
414,2078,61,9,7,3
415,2079,61,9,7,3
416,2079,61,9,7,3
417,2079,61,9,7,3
418,2079,61,9,7,3
419,2080,61,9,7,3
420,2080,61,9,7,3
421,2080,61,9,7,3
422,2080,61,9,7,3
423,2080,61,9,7,3
424,2080,61,9,7,3
425,2080,61,9,7,3
426,2080,61,9,7,3
427,2080,61,9,7,3
428,2080,61,9,7,3
429,2080,61,9,7,3
430,2080,61,9,7,3
431,2080,61,9,7,3
432,2080,61,9,7,3
433,2080,61,9,7,3
434,2080,61,9,7,3
435,2080,61,9,7,3
436,2080,61,9,7,3
437,2080,61,9,7,3
438,2080,61,9,7,3
439,2082,61,9,7,3
440,2082,61,9,7,3
441,2083,62,9,7,3
442,2083,62,9,7,3
443,2083,62,9,7,3
444,2083,62,9,7,3
445,2083,62,9,7,3
446,2083,62,9,7,3
447,2083,62,9,7,3
448,2083,62,9,7,3
449,2083,62,9,7,3
450,2084,62,9,7,3
451,2084,62,9,7,3
452,2084,62,9,7,3
453,2084,62,9,7,3
454,2084,62,9,7,3
455,2084,62,9,7,3
456,2084,62,9,7,3
457,2084,62,9,7,3
458,2084,62,9,7,3
459,2084,62,9,7,3
460,2084,62,9,7,3
461,2084,62,9,7,3
462,2084,62,9,7,3
463,2084,62,9,7,3
464,2084,62,9,7,3
465,2084,62,9,7,3
466,2084,62,9,7,3
467,2084,62,9,7,3
468,2085,63,9,7,3
469,2085,63,9,7,3
470,2086,63,9,7,3
471,2086,63,9,7,3
472,2086,63,9,7,3
473,2086,63,9,7,3
474,2086,63,9,7,3
475,2086,63,9,7,3
476,2086,63,9,7,3
477,2086,63,9,7,3
478,2086,63,9,7,3
479,2086,63,9,7,3
480,2086,63,9,7,3
481,2086,63,9,7,3
482,2086,63,9,7,3
483,2086,63,9,7,3
484,2086,63,9,7,3
485,2086,63,9,7,3
486,2086,63,9,7,3
487,2086,63,9,7,3
488,2086,63,9,7,3
489,2086,63,9,7,3
490,2086,63,9,7,3
491,2086,63,9,7,3
492,2086,63,9,7,3
493,2086,63,9,7,3
494,2086,63,9,7,3
495,2086,63,9,7,3
496,2087,63,9,7,3
497,2087,63,9,7,3
498,2087,63,9,7,3
499,2087,63,9,7,3
