update,prey_seen,prey_consumed,predator_vision,predator_vision_height,predator_vision_width,attack_efficiency
0,0,0,0,0,0,0
1,1,0,5,1,5,0
2,1,0,5,1,5,0
3,1,0,5,1,5,0
4,2,1,5,1,5,1
5,4,2,5,1,5,1
6,4,2,5,1,5,1
7,4,2,5,1,5,1
8,5,2,5,1,5,1
9,6,3,5,1,5,1
10,6,3,5,1,5,1
11,6,3,5,1,5,1
12,7,4,5,1,5,1
13,7,4,5,1,5,1
14,7,4,5,1,5,1
15,7,4,5,1,5,1
16,7,4,5,1,5,1
17,7,4,5,1,5,1
18,8,4,5,1,5,1
19,8,4,5,1,5,1
20,8,4,5,1,5,1
21,8,4,5,1,5,1
22,8,4,5,1,5,1
23,8,4,5,1,5,1
24,9,5,5,1,5,1
25,9,5,5,1,5,1
26,9,5,5,1,5,1
27,9,5,5,1,5,1
28,9,5,5,1,5,1
29,10,6,5,1,5,1
30,11,7,5,1,5,1
31,11,7,5,1,5,1
32,11,7,5,1,5,1
33,13,8,5,1,5,1
34,13,8,5,1,5,1
35,14,8,5,1,5,1
36,14,8,5,1,5,1
37,14,8,5,1,5,1
38,14,8,5,1,5,1
39,14,8,5,1,5,1
40,15,9,5,1,5,1
41,15,9,5,1,5,1
42,15,9,5,1,5,1
43,15,9,5,1,5,1
44,15,9,5,1,5,1
45,15,9,5,1,5,1
46,16,10,5,1,5,1
47,16,10,5,1,5,1
48,16,10,5,1,5,1
49,17,10,5,1,5,1
50,17,10,5,1,5,1
51,17,10,5,1,5,1
52,18,10,5,1,5,1
53,18,10,5,1,5,1
54,18,10,5,1,5,1
55,18,10,5,1,5,1
56,19,10,5,1,5,1
57,19,10,5,1,5,1
58,19,10,5,1,5,1
59,19,10,5,1,5,1
60,19,10,5,1,5,1
61,19,10,5,1,5,1
62,19,11,5,1,5,1
63,19,11,5,1,5,1
64,19,11,5,1,5,1
65,19,11,5,1,5,1
66,19,11,5,1,5,1
67,20,11,5,1,5,1
68,20,11,5,1,5,1
69,20,11,5,1,5,1
70,22,12,5,1,5,1
71,23,13,5,1,5,1
72,23,13,5,1,5,1
73,24,14,5,1,5,1
74,24,14,5,1,5,1
75,24,14,5,1,5,1
76,24,14,5,1,5,1
77,24,14,5,1,5,1
78,24,14,5,1,5,1
79,24,14,5,1,5,1
80,24,14,5,1,5,1
81,25,15,5,1,5,1
82,25,15,5,1,5,1
83,25,15,5,1,5,1
84,25,15,5,1,5,1
85,26,15,5,1,5,1
86,26,15,5,1,5,1
87,26,15,5,1,5,1
88,26,15,5,1,5,1
89,26,15,5,1,5,1
90,26,15,5,1,5,1
91,26,15,5,1,5,1
92,26,15,5,1,5,1
93,27,15,5,1,5,1
94,28,16,5,1,5,1
95,29,17,5,1,5,1
96,29,17,5,1,5,1
97,29,17,5,1,5,1
98,29,17,5,1,5,1
99,31,18,5,1,5,1
100,31,18,5,1,5,1
101,31,18,5,1,5,1
102,32,18,5,1,5,1
103,32,18,5,1,5,1
104,32,18,5,1,5,1
105,34,19,5,1,5,1
106,34,19,5,1,5,1
107,35,19,5,1,5,1
108,36,20,5,1,5,1
109,36,20,5,1,5,1
110,36,20,5,1,5,1
111,36,20,5,1,5,1
112,36,20,5,1,5,1
113,36,20,5,1,5,1
114,37,20,5,1,5,1
115,37,20,5,1,5,1
116,37,20,5,1,5,1
117,37,20,5,1,5,1
118,37,20,5,1,5,1
119,39,21,5,1,5,1
120,40,22,5,1,5,1
121,40,22,5,1,5,1
122,40,22,5,1,5,1
123,41,23,5,1,5,1
124,41,23,5,1,5,1
125,41,23,5,1,5,1
126,41,23,5,1,5,1
127,41,23,5,1,5,1
128,41,23,5,1,5,1
129,41,23,5,1,5,1
130,41,23,5,1,5,1
131,42,24,5,1,5,1
132,42,24,5,1,5,1
133,42,24,5,1,5,1
134,42,24,5,1,5,1
135,43,25,5,1,5,1
136,43,25,5,1,5,1
137,43,25,5,1,5,1
138,43,25,5,1,5,1
139,44,26,5,1,5,1
140,44,26,5,1,5,1
141,44,26,5,1,5,1
142,44,26,5,1,5,1
143,44,26,5,1,5,1
144,44,26,5,1,5,1
145,44,26,5,1,5,1
146,44,26,5,1,5,1
147,44,26,5,1,5,1
148,44,27,5,1,5,1
149,44,27,5,1,5,1
150,45,27,5,1,5,1
151,45,27,5,1,5,1
152,45,27,5,1,5,1
153,45,27,5,1,5,1
154,45,27,5,1,5,1
155,46,27,5,1,5,1
156,47,28,5,1,5,1
157,47,28,5,1,5,1
158,47,28,5,1,5,1
159,47,28,5,1,5,1
160,47,28,5,1,5,1
161,47,28,5,1,5,1
162,47,28,5,1,5,1
163,47,28,5,1,5,1
164,47,28,5,1,5,1
165,48,29,5,1,5,1
166,48,29,5,1,5,1
167,49,29,5,1,5,1
168,49,29,5,1,5,1
169,50,30,5,1,5,1
170,50,30,5,1,5,1
171,50,30,5,1,5,1
172,50,30,5,1,5,1
173,50,30,5,1,5,1
174,50,30,5,1,5,1
175,50,30,5,1,5,1
176,50,30,5,1,5,1
177,51,31,5,1,5,1
178,51,31,5,1,5,1
179,51,31,5,1,5,1
180,51,31,5,1,5,1
181,51,31,5,1,5,1
182,51,31,5,1,5,1
183,51,31,5,1,5,1
184,51,31,5,1,5,1
185,51,31,5,1,5,1
186,51,31,5,1,5,1
187,51,32,5,1,5,1
188,51,32,5,1,5,1
189,51,32,5,1,5,1
190,51,32,5,1,5,1
191,51,32,5,1,5,1
192,51,32,5,1,5,1
193,51,32,5,1,5,1
194,52,32,5,1,5,1
195,53,32,5,1,5,1
196,53,32,5,1,5,1
197,53,32,5,1,5,1
198,53,32,5,1,5,1
199,54,33,5,1,5,1
200,54,33,5,1,5,1
201,54,33,5,1,5,1
202,56,35,5,1,5,1
203,56,35,5,1,5,1
204,56,35,5,1,5,1
205,56,35,5,1,5,1
206,56,36,5,1,5,1
207,56,36,5,1,5,1
208,56,36,5,1,5,1
209,56,36,5,1,5,1
210,56,36,5,1,5,1
211,56,36,5,1,5,1
212,56,36,5,1,5,1
213,56,36,5,1,5,1
214,56,36,5,1,5,1
215,56,36,5,1,5,1
216,56,36,5,1,5,1
217,56,36,5,1,5,1
218,56,36,5,1,5,1
219,56,36,5,1,5,1
220,56,36,5,1,5,1
221,56,36,5,1,5,1
222,56,36,5,1,5,1
223,56,36,5,1,5,1
224,56,36,5,1,5,1
225,56,36,5,1,5,1
226,56,36,5,1,5,1
227,56,36,5,1,5,1
228,56,36,5,1,5,1
229,57,37,5,1,5,1
230,57,37,5,1,5,1
231,58,37,5,1,5,1
232,58,37,5,1,5,1
233,58,37,5,1,5,1
234,58,37,5,1,5,1
235,60,38,5,1,5,1
236,60,38,5,1,5,1
237,61,38,5,1,5,1
238,61,38,5,1,5,1
239,61,38,5,1,5,1
240,61,38,5,1,5,1
241,61,38,5,1,5,1
242,61,38,5,1,5,1
243,61,38,5,1,5,1
244,61,38,5,1,5,1
245,61,38,5,1,5,1
246,62,38,5,1,5,1
247,62,38,5,1,5,1
248,62,38,5,1,5,1
249,62,38,5,1,5,1
250,63,39,5,1,5,1
251,63,39,5,1,5,1
252,63,39,5,1,5,1
253,63,39,5,1,5,1
254,63,39,5,1,5,1
255,63,39,5,1,5,1
256,63,39,5,1,5,1
257,64,39,5,1,5,1
258,65,39,5,1,5,1
259,65,39,5,1,5,1
260,66,39,5,1,5,1
261,67,40,5,1,5,1
262,67,40,5,1,5,1
263,67,40,5,1,5,1
264,67,40,5,1,5,1
265,67,40,5,1,5,1
266,67,40,5,1,5,1
267,68,41,5,1,5,1
268,68,41,5,1,5,1
269,68,41,5,1,5,1
270,68,41,5,1,5,1
271,68,41,5,1,5,1
272,68,41,5,1,5,1
273,69,41,5,1,5,1
274,69,41,5,1,5,1
275,69,41,5,1,5,1
276,69,41,5,1,5,1
277,69,41,5,1,5,1
278,69,41,5,1,5,1
279,71,41,5,1,5,1
280,72,43,5,1,5,1
281,72,43,5,1,5,1
282,72,43,5,1,5,1
283,72,43,5,1,5,1
284,72,43,5,1,5,1
285,72,43,5,1,5,1
286,72,43,5,1,5,1
287,73,43,5,1,5,1
288,74,44,5,1,5,1
289,74,44,5,1,5,1
290,74,44,5,1,5,1
291,74,44,5,1,5,1
292,74,44,5,1,5,1
293,74,44,5,1,5,1
294,74,44,5,1,5,1
295,74,44,5,1,5,1
296,74,44,5,1,5,1
297,74,44,5,1,5,1
298,75,44,5,1,5,1
299,76,45,5,1,5,1
300,76,45,5,1,5,1
301,76,45,5,1,5,1
302,76,45,5,1,5,1
303,77,46,5,1,5,1
304,77,46,5,1,5,1
305,77,46,5,1,5,1
306,77,46,5,1,5,1
307,77,46,5,1,5,1
308,77,46,5,1,5,1
309,77,46,5,1,5,1
310,77,46,5,1,5,1
311,77,46,5,1,5,1
312,77,46,5,1,5,1
313,77,46,5,1,5,1
314,77,46,5,1,5,1
315,77,46,5,1,5,1
316,77,46,5,1,5,1
317,77,46,5,1,5,1
318,77,46,5,1,5,1
319,77,46,5,1,5,1
320,77,46,5,1,5,1
321,77,46,5,1,5,1
322,77,46,5,1,5,1
323,77,46,5,1,5,1
324,77,46,5,1,5,1
325,77,46,5,1,5,1
326,77,46,5,1,5,1
327,77,46,5,1,5,1
328,77,46,5,1,5,1
329,77,46,5,1,5,1
330,77,46,5,1,5,1
331,77,46,5,1,5,1
332,77,46,5,1,5,1
333,77,46,5,1,5,1
334,77,46,5,1,5,1
335,77,46,5,1,5,1
336,78,47,5,1,5,1
337,78,47,5,1,5,1
338,78,47,5,1,5,1
339,78,47,5,1,5,1
340,78,47,5,1,5,1
341,78,47,5,1,5,1
342,78,47,5,1,5,1
343,78,47,5,1,5,1
344,78,47,5,1,5,1
345,78,47,5,1,5,1
346,78,47,5,1,5,1
347,78,48,5,1,5,1
348,78,48,5,1,5,1
349,79,48,5,1,5,1
350,80,49,5,1,5,1
351,80,49,5,1,5,1
352,80,49,5,1,5,1
353,80,49,5,1,5,1
354,80,49,5,1,5,1
355,80,49,5,1,5,1
356,83,50,5,1,5,1
357,84,50,5,1,5,1
358,85,50,5,1,5,1
359,85,50,5,1,5,1
360,85,50,5,1,5,1
361,85,50,5,1,5,1
362,85,50,5,1,5,1
363,85,50,5,1,5,1
364,85,50,5,1,5,1
365,85,50,5,1,5,1
366,85,50,5,1,5,1
367,85,50,5,1,5,1
368,85,50,5,1,5,1
369,85,50,5,1,5,1
370,85,50,5,1,5,1
371,85,50,5,1,5,1
372,86,51,5,1,5,1
373,86,51,5,1,5,1
374,86,51,5,1,5,1
375,86,51,5,1,5,1
376,86,51,5,1,5,1
377,86,51,5,1,5,1
378,86,51,5,1,5,1
379,86,51,5,1,5,1
380,86,51,5,1,5,1
381,87,52,5,1,5,1
382,87,52,5,1,5,1
383,89,53,5,1,5,1
384,89,53,5,1,5,1
385,89,53,5,1,5,1
386,89,53,5,1,5,1
387,89,53,5,1,5,1
388,89,53,5,1,5,1
389,89,53,5,1,5,1
390,89,53,5,1,5,1
391,89,53,5,1,5,1
392,90,53,5,1,5,1
393,90,53,5,1,5,1
394,90,53,5,1,5,1
395,90,53,5,1,5,1
396,90,53,5,1,5,1
397,90,53,5,1,5,1
398,90,53,5,1,5,1
399,90,53,5,1,5,1
400,90,53,5,1,5,1
401,90,53,5,1,5,1
402,90,53,5,1,5,1
403,90,53,5,1,5,1
404,91,53,5,1,5,1
405,91,53,5,1,5,1
406,91,53,5,1,5,1
407,91,53,5,1,5,1
408,92,54,5,1,5,1
409,93,54,5,1,5,1
410,93,54,5,1,5,1
411,93,54,5,1,5,1
412,93,54,5,1,5,1
413,94,55,5,1,5,1
414,94,55,5,1,5,1
415,94,55,5,1,5,1
416,94,55,5,1,5,1
417,94,55,5,1,5,1
418,94,55,5,1,5,1
419,94,55,5,1,5,1
420,94,55,5,1,5,1
421,94,55,5,1,5,1
422,94,55,5,1,5,1
423,94,55,5,1,5,1
424,94,55,5,1,5,1
425,94,55,5,1,5,1
426,94,55,5,1,5,1
427,94,55,5,1,5,1
428,94,55,5,1,5,1
429,94,55,5,1,5,1
430,94,55,5,1,5,1
431,94,55,5,1,5,1
432,94,55,5,1,5,1
433,94,55,5,1,5,1
434,94,55,5,1,5,1
435,94,55,5,1,5,1
436,94,55,5,1,5,1
437,94,55,5,1,5,1
438,94,55,5,1,5,1
439,94,55,5,1,5,1
440,94,55,5,1,5,1
441,94,55,5,1,5,1
442,94,55,5,1,5,1
443,94,55,5,1,5,1
444,94,55,5,1,5,1
445,94,55,5,1,5,1
446,94,55,5,1,5,1
447,94,55,5,1,5,1
448,94,55,5,1,5,1
449,94,55,5,1,5,1
450,94,55,5,1,5,1
451,94,55,5,1,5,1
452,94,55,5,1,5,1
453,94,55,5,1,5,1
454,95,56,5,1,5,1
455,95,56,5,1,5,1
456,95,56,5,1,5,1
457,95,56,5,1,5,1
458,95,56,5,1,5,1
459,95,56,5,1,5,1
460,95,56,5,1,5,1
461,95,56,5,1,5,1
462,95,56,5,1,5,1
463,95,56,5,1,5,1
464,95,56,5,1,5,1
465,95,56,5,1,5,1
466,95,56,5,1,5,1
467,95,56,5,1,5,1
468,96,56,5,1,5,1
469,97,57,5,1,5,1
470,97,57,5,1,5,1
471,97,57,5,1,5,1
472,97,57,5,1,5,1
473,97,57,5,1,5,1
474,97,57,5,1,5,1
475,97,57,5,1,5,1
476,97,57,5,1,5,1
477,97,57,5,1,5,1
478,97,57,5,1,5,1
479,97,57,5,1,5,1
480,97,57,5,1,5,1
481,97,57,5,1,5,1
482,97,57,5,1,5,1
483,98,57,5,1,5,1
484,99,58,5,1,5,1
485,99,58,5,1,5,1
486,99,58,5,1,5,1
487,99,58,5,1,5,1
488,99,58,5,1,5,1
489,99,58,5,1,5,1
490,99,58,5,1,5,1
491,99,58,5,1,5,1
492,99,58,5,1,5,1
493,99,58,5,1,5,1
494,99,58,5,1,5,1
495,99,58,5,1,5,1
496,99,58,5,1,5,1
497,99,58,5,1,5,1
498,99,58,5,1,5,1
499,99,58,5,1,5,1
500,99,58,5,1,5,1
501,99,58,5,1,5,1
502,99,58,5,1,5,1
503,99,58,5,1,5,1
504,99,58,5,1,5,1
505,99,58,5,1,5,1
506,99,58,5,1,5,1
507,99,58,5,1,5,1
508,99,58,5,1,5,1
509,99,58,5,1,5,1
510,99,58,5,1,5,1
511,99,58,5,1,5,1
512,99,58,5,1,5,1
513,99,58,5,1,5,1
514,99,58,5,1,5,1
515,99,58,5,1,5,1
516,100,58,5,1,5,1
517,100,58,5,1,5,1
518,100,58,5,1,5,1
519,100,58,5,1,5,1
520,100,58,5,1,5,1
521,100,58,5,1,5,1
522,100,58,5,1,5,1
523,101,58,5,1,5,1
524,103,60,5,1,5,1
525,103,60,5,1,5,1
526,103,60,5,1,5,1
527,103,60,5,1,5,1
528,103,60,5,1,5,1
529,103,60,5,1,5,1
530,104,61,5,1,5,1
531,104,61,5,1,5,1
532,104,61,5,1,5,1
533,104,61,5,1,5,1
534,104,61,5,1,5,1
535,104,61,5,1,5,1
536,104,61,5,1,5,1
537,104,61,5,1,5,1
538,104,61,5,1,5,1
539,104,61,5,1,5,1
540,104,61,5,1,5,1
541,104,61,5,1,5,1
542,104,61,5,1,5,1
543,104,61,5,1,5,1
544,104,61,5,1,5,1
545,104,61,5,1,5,1
546,104,61,5,1,5,1
547,104,61,5,1,5,1
548,104,61,5,1,5,1
549,104,61,5,1,5,1
550,104,61,5,1,5,1
551,104,61,5,1,5,1
552,104,61,5,1,5,1
553,104,61,5,1,5,1
554,104,61,5,1,5,1
555,104,61,5,1,5,1
556,104,61,5,1,5,1
557,104,61,5,1,5,1
558,104,61,5,1,5,1
559,104,61,5,1,5,1
560,104,61,5,1,5,1
561,104,61,5,1,5,1
562,104,61,5,1,5,1
563,104,61,5,1,5,1
564,105,61,5,1,5,1
565,105,61,5,1,5,1
566,105,61,5,1,5,1
567,105,61,5,1,5,1
568,105,61,5,1,5,1
569,105,61,5,1,5,1
570,105,61,5,1,5,1
571,105,61,5,1,5,1
572,105,61,5,1,5,1
573,105,61,5,1,5,1
574,105,61,5,1,5,1
575,105,61,5,1,5,1
576,105,61,5,1,5,1
577,105,61,5,1,5,1
578,106,62,5,1,5,1
579,106,62,5,1,5,1
580,106,62,5,1,5,1
581,106,62,5,1,5,1
582,106,62,5,1,5,1
583,106,62,5,1,5,1
584,106,62,5,1,5,1
585,106,62,5,1,5,1
586,107,63,5,1,5,1
587,107,63,5,1,5,1
588,107,63,5,1,5,1
589,107,63,5,1,5,1
590,107,63,5,1,5,1
591,107,63,5,1,5,1
592,107,63,5,1,5,1
593,107,63,5,1,5,1
594,107,63,5,1,5,1
595,107,63,5,1,5,1
596,107,63,5,1,5,1
597,107,63,5,1,5,1
598,107,63,5,1,5,1
599,108,64,5,1,5,1
600,108,64,5,1,5,1
601,108,64,5,1,5,1
602,108,64,5,1,5,1
603,109,64,5,1,5,1
604,109,64,5,1,5,1
605,109,64,5,1,5,1
606,109,64,5,1,5,1
607,109,64,5,1,5,1
608,109,64,5,1,5,1
609,109,64,5,1,5,1
610,109,64,5,1,5,1
611,109,64,5,1,5,1
612,109,64,5,1,5,1
613,109,64,5,1,5,1
614,109,64,5,1,5,1
615,109,64,5,1,5,1
616,109,64,5,1,5,1
617,109,64,5,1,5,1
618,109,64,5,1,5,1
619,109,64,5,1,5,1
620,109,64,5,1,5,1
621,109,64,5,1,5,1
622,109,64,5,1,5,1
623,109,64,5,1,5,1
624,109,64,5,1,5,1
625,109,64,5,1,5,1
626,109,64,5,1,5,1
627,109,64,5,1,5,1
628,109,64,5,1,5,1
629,109,64,5,1,5,1
630,109,64,5,1,5,1
631,109,64,5,1,5,1
632,109,64,5,1,5,1
633,109,64,5,1,5,1
634,109,64,5,1,5,1
635,109,64,5,1,5,1
636,109,64,5,1,5,1
637,109,64,5,1,5,1
638,109,64,5,1,5,1
639,109,64,5,1,5,1
640,109,64,5,1,5,1
641,109,64,5,1,5,1
642,109,64,5,1,5,1
643,109,64,5,1,5,1
644,109,64,5,1,5,1
645,109,64,5,1,5,1
646,109,64,5,1,5,1
647,109,64,5,1,5,1
648,109,64,5,1,5,1
649,109,64,5,1,5,1
650,109,64,5,1,5,1
651,109,64,5,1,5,1
652,109,64,5,1,5,1
653,109,64,5,1,5,1
654,109,64,5,1,5,1
655,109,64,5,1,5,1
656,109,64,5,1,5,1
657,109,64,5,1,5,1
658,109,64,5,1,5,1
659,109,65,5,1,5,1
660,109,65,5,1,5,1
661,109,65,5,1,5,1
662,109,65,5,1,5,1
663,109,65,5,1,5,1
664,109,65,5,1,5,1
665,109,65,5,1,5,1
666,109,65,5,1,5,1
667,109,65,5,1,5,1
668,109,65,5,1,5,1
669,109,65,5,1,5,1
670,109,65,5,1,5,1
671,109,65,5,1,5,1
672,110,65,5,1,5,1
673,111,66,5,1,5,1
674,111,66,5,1,5,1
675,111,66,5,1,5,1
676,111,66,5,1,5,1
677,111,66,5,1,5,1
678,111,66,5,1,5,1
679,111,66,5,1,5,1
680,111,66,5,1,5,1
681,111,66,5,1,5,1
682,111,66,5,1,5,1
683,111,66,5,1,5,1
684,111,66,5,1,5,1
685,111,66,5,1,5,1
686,111,67,5,1,5,1
687,111,67,5,1,5,1
688,111,67,5,1,5,1
689,112,67,5,1,5,1
690,112,67,5,1,5,1
691,114,68,5,1,5,1
692,114,68,5,1,5,1
693,114,68,5,1,5,1
694,114,68,5,1,5,1
695,114,68,5,1,5,1
696,114,68,5,1,5,1
697,114,68,5,1,5,1
698,114,68,5,1,5,1
699,114,68,5,1,5,1
700,114,68,5,1,5,1
701,115,69,5,1,5,1
702,115,69,5,1,5,1
703,115,70,5,1,5,1
704,115,70,5,1,5,1
705,115,70,5,1,5,1
706,115,70,5,1,5,1
707,115,71,5,1,5,1
708,115,71,5,1,5,1
709,115,71,5,1,5,1
710,115,71,5,1,5,1
711,115,71,5,1,5,1
712,115,71,5,1,5,1
713,115,71,5,1,5,1
714,116,72,5,1,5,1
715,116,72,5,1,5,1
716,116,72,5,1,5,1
717,117,72,5,1,5,1
718,117,72,5,1,5,1
719,117,72,5,1,5,1
720,117,72,5,1,5,1
721,117,72,5,1,5,1
722,117,72,5,1,5,1
723,117,72,5,1,5,1
724,117,72,5,1,5,1
725,117,72,5,1,5,1
726,117,72,5,1,5,1
727,117,72,5,1,5,1
728,117,72,5,1,5,1
729,117,72,5,1,5,1
730,117,72,5,1,5,1
731,117,72,5,1,5,1
732,117,72,5,1,5,1
733,117,72,5,1,5,1
734,118,73,5,1,5,1
735,118,73,5,1,5,1
736,118,73,5,1,5,1
737,119,73,5,1,5,1
738,119,73,5,1,5,1
739,119,73,5,1,5,1
740,119,73,5,1,5,1
741,119,73,5,1,5,1
742,119,73,5,1,5,1
743,119,73,5,1,5,1
744,119,73,5,1,5,1
745,119,73,5,1,5,1
746,119,73,5,1,5,1
747,119,73,5,1,5,1
748,119,73,5,1,5,1
749,119,73,5,1,5,1
750,119,73,5,1,5,1
751,119,73,5,1,5,1
752,119,73,5,1,5,1
753,119,73,5,1,5,1
754,119,73,5,1,5,1
755,119,73,5,1,5,1
756,119,73,5,1,5,1
757,119,73,5,1,5,1
758,119,73,5,1,5,1
759,119,73,5,1,5,1
760,119,73,5,1,5,1
761,119,73,5,1,5,1
762,119,73,5,1,5,1
763,119,73,5,1,5,1
764,119,73,5,1,5,1
765,119,73,5,1,5,1
766,119,73,5,1,5,1
767,119,73,5,1,5,1
768,119,73,5,1,5,1
769,119,73,5,1,5,1
770,119,73,5,1,5,1
771,119,73,5,1,5,1
772,119,73,5,1,5,1
773,119,73,5,1,5,1
774,119,73,5,1,5,1
775,119,73,5,1,5,1
776,119,73,5,1,5,1
777,119,73,5,1,5,1
778,119,73,5,1,5,1
779,119,73,5,1,5,1
780,119,73,5,1,5,1
781,119,73,5,1,5,1
782,119,73,5,1,5,1
783,119,73,5,1,5,1
784,119,73,5,1,5,1
785,119,73,5,1,5,1
786,119,73,5,1,5,1
787,119,73,5,1,5,1
788,119,73,5,1,5,1
789,119,73,5,1,5,1
790,119,73,5,1,5,1
791,119,73,5,1,5,1
792,119,73,5,1,5,1
793,119,73,5,1,5,1
794,119,73,5,1,5,1
795,119,73,5,1,5,1
796,119,73,5,1,5,1
797,119,73,5,1,5,1
798,119,73,5,1,5,1
799,119,73,5,1,5,1
800,119,73,5,1,5,1
801,119,73,5,1,5,1
802,119,73,5,1,5,1
803,119,73,5,1,5,1
804,119,73,5,1,5,1
805,119,73,5,1,5,1
806,119,73,5,1,5,1
807,119,73,5,1,5,1
808,119,73,5,1,5,1
809,119,73,5,1,5,1
810,119,73,5,1,5,1
811,119,73,5,1,5,1
812,119,73,5,1,5,1
813,119,73,5,1,5,1
814,119,73,5,1,5,1
815,119,73,5,1,5,1
816,119,73,5,1,5,1
817,119,73,5,1,5,1
818,119,73,5,1,5,1
819,119,73,5,1,5,1
820,119,73,5,1,5,1
821,119,73,5,1,5,1
822,119,73,5,1,5,1
823,120,73,5,1,5,1
824,120,73,5,1,5,1
825,120,73,5,1,5,1
826,120,73,5,1,5,1
827,120,73,5,1,5,1
828,120,73,5,1,5,1
829,120,73,5,1,5,1
830,120,73,5,1,5,1
831,120,73,5,1,5,1
832,120,73,5,1,5,1
833,120,73,5,1,5,1
834,120,73,5,1,5,1
835,120,73,5,1,5,1
836,120,73,5,1,5,1
837,120,73,5,1,5,1
838,120,73,5,1,5,1
839,120,73,5,1,5,1
840,120,73,5,1,5,1
841,120,73,5,1,5,1
842,120,73,5,1,5,1
843,120,73,5,1,5,1
844,120,73,5,1,5,1
845,120,73,5,1,5,1
846,120,73,5,1,5,1
847,120,73,5,1,5,1
848,120,73,5,1,5,1
849,120,73,5,1,5,1
850,120,73,5,1,5,1
851,120,73,5,1,5,1
852,120,73,5,1,5,1
853,120,73,5,1,5,1
854,120,73,5,1,5,1
855,120,73,5,1,5,1
856,120,73,5,1,5,1
857,120,73,5,1,5,1
858,120,73,5,1,5,1
859,120,73,5,1,5,1
860,120,73,5,1,5,1
861,120,73,5,1,5,1
862,120,73,5,1,5,1
863,120,73,5,1,5,1
864,120,73,5,1,5,1
865,120,73,5,1,5,1
866,120,73,5,1,5,1
867,120,73,5,1,5,1
868,120,73,5,1,5,1
869,120,73,5,1,5,1
870,120,73,5,1,5,1
871,120,73,5,1,5,1
872,120,73,5,1,5,1
873,120,73,5,1,5,1
874,120,73,5,1,5,1
875,120,73,5,1,5,1
876,120,73,5,1,5,1
877,120,73,5,1,5,1
878,120,73,5,1,5,1
879,120,73,5,1,5,1
880,120,73,5,1,5,1
881,120,73,5,1,5,1
882,120,73,5,1,5,1
883,120,73,5,1,5,1
884,120,73,5,1,5,1
885,120,73,5,1,5,1
886,120,73,5,1,5,1
887,120,73,5,1,5,1
888,120,73,5,1,5,1
889,120,73,5,1,5,1
890,120,73,5,1,5,1
891,120,73,5,1,5,1
892,120,73,5,1,5,1
893,120,73,5,1,5,1
894,120,73,5,1,5,1
895,120,73,5,1,5,1
896,120,73,5,1,5,1
897,120,73,5,1,5,1
898,120,73,5,1,5,1
899,120,73,5,1,5,1
900,120,73,5,1,5,1
901,120,73,5,1,5,1
902,120,73,5,1,5,1
903,120,73,5,1,5,1
904,120,73,5,1,5,1
905,120,73,5,1,5,1
906,120,73,5,1,5,1
907,120,73,5,1,5,1
908,120,73,5,1,5,1
909,120,73,5,1,5,1
910,120,73,5,1,5,1
911,120,73,5,1,5,1
912,120,73,5,1,5,1
913,120,73,5,1,5,1
914,120,73,5,1,5,1
915,120,73,5,1,5,1
916,120,73,5,1,5,1
917,120,73,5,1,5,1
918,120,73,5,1,5,1
919,120,73,5,1,5,1
920,120,73,5,1,5,1
921,120,73,5,1,5,1
922,120,73,5,1,5,1
923,120,73,5,1,5,1
924,120,73,5,1,5,1
925,120,73,5,1,5,1
926,120,73,5,1,5,1
927,120,73,5,1,5,1
928,120,73,5,1,5,1
929,120,73,5,1,5,1
930,120,73,5,1,5,1
931,120,73,5,1,5,1
932,120,73,5,1,5,1
933,120,73,5,1,5,1
934,120,73,5,1,5,1
935,120,73,5,1,5,1
936,120,73,5,1,5,1
937,120,73,5,1,5,1
938,120,73,5,1,5,1
939,120,73,5,1,5,1
940,120,73,5,1,5,1
941,120,73,5,1,5,1
942,120,73,5,1,5,1
943,120,73,5,1,5,1
944,120,73,5,1,5,1
945,120,73,5,1,5,1
946,120,73,5,1,5,1
947,120,73,5,1,5,1
948,120,73,5,1,5,1
949,120,73,5,1,5,1
950,120,73,5,1,5,1
951,120,73,5,1,5,1
952,120,73,5,1,5,1
953,120,73,5,1,5,1
954,120,73,5,1,5,1
955,120,73,5,1,5,1
956,120,73,5,1,5,1
957,120,73,5,1,5,1
958,120,73,5,1,5,1
959,120,73,5,1,5,1
960,120,73,5,1,5,1
961,120,73,5,1,5,1
962,120,73,5,1,5,1
963,120,73,5,1,5,1
964,120,73,5,1,5,1
965,120,73,5,1,5,1
966,120,73,5,1,5,1
967,120,73,5,1,5,1
968,120,73,5,1,5,1
969,120,73,5,1,5,1
970,120,73,5,1,5,1
971,120,73,5,1,5,1
972,120,73,5,1,5,1
973,120,73,5,1,5,1
974,120,73,5,1,5,1
975,120,73,5,1,5,1
976,120,73,5,1,5,1
977,120,73,5,1,5,1
978,120,73,5,1,5,1
979,120,73,5,1,5,1
980,120,73,5,1,5,1
981,120,73,5,1,5,1
982,120,73,5,1,5,1
983,120,73,5,1,5,1
984,120,73,5,1,5,1
985,120,73,5,1,5,1
986,120,73,5,1,5,1
987,120,73,5,1,5,1
988,120,73,5,1,5,1
989,120,73,5,1,5,1
990,120,73,5,1,5,1
991,120,73,5,1,5,1
992,120,73,5,1,5,1
993,120,73,5,1,5,1
994,120,73,5,1,5,1
995,120,73,5,1,5,1
996,120,73,5,1,5,1
997,120,73,5,1,5,1
998,120,73,5,1,5,1
999,120,73,5,1,5,1
1000,120,73,5,1,5,1
1001,120,73,5,1,5,1
1002,120,73,5,1,5,1
1003,120,73,5,1,5,1
1004,120,73,5,1,5,1
1005,120,73,5,1,5,1
1006,120,73,5,1,5,1
1007,120,73,5,1,5,1
1008,120,73,5,1,5,1
1009,120,73,5,1,5,1
1010,120,73,5,1,5,1
1011,120,73,5,1,5,1
1012,120,73,5,1,5,1
1013,120,73,5,1,5,1
1014,120,73,5,1,5,1
1015,120,73,5,1,5,1
1016,120,73,5,1,5,1
1017,120,73,5,1,5,1
1018,120,73,5,1,5,1
1019,120,73,5,1,5,1
1020,120,73,5,1,5,1
1021,120,73,5,1,5,1
1022,120,73,5,1,5,1
1023,120,73,5,1,5,1
1024,120,73,5,1,5,1
1025,120,73,5,1,5,1
1026,120,73,5,1,5,1
1027,120,73,5,1,5,1
1028,120,73,5,1,5,1
1029,120,73,5,1,5,1
1030,120,73,5,1,5,1
1031,120,73,5,1,5,1
1032,120,73,5,1,5,1
1033,120,73,5,1,5,1
1034,120,73,5,1,5,1
1035,120,73,5,1,5,1
1036,120,73,5,1,5,1
1037,120,73,5,1,5,1
1038,120,73,5,1,5,1
1039,120,73,5,1,5,1
1040,120,73,5,1,5,1
1041,120,73,5,1,5,1
1042,120,73,5,1,5,1
1043,120,73,5,1,5,1
1044,120,73,5,1,5,1
1045,120,73,5,1,5,1
1046,120,73,5,1,5,1
1047,120,73,5,1,5,1
1048,120,73,5,1,5,1
1049,120,73,5,1,5,1
1050,120,73,5,1,5,1
1051,120,73,5,1,5,1
1052,120,73,5,1,5,1
1053,120,73,5,1,5,1
1054,120,73,5,1,5,1
1055,120,73,5,1,5,1
1056,120,73,5,1,5,1
1057,120,73,5,1,5,1
1058,120,73,5,1,5,1
1059,120,73,5,1,5,1
1060,120,73,5,1,5,1
1061,120,73,5,1,5,1
1062,120,73,5,1,5,1
1063,120,73,5,1,5,1
1064,120,73,5,1,5,1
1065,120,73,5,1,5,1
1066,120,73,5,1,5,1
1067,120,73,5,1,5,1
1068,120,73,5,1,5,1
1069,120,73,5,1,5,1
1070,120,73,5,1,5,1
1071,120,73,5,1,5,1
1072,120,73,5,1,5,1
1073,120,73,5,1,5,1
1074,120,73,5,1,5,1
1075,120,73,5,1,5,1
1076,120,73,5,1,5,1
1077,120,73,5,1,5,1
1078,120,73,5,1,5,1
1079,120,73,5,1,5,1
1080,120,73,5,1,5,1
1081,120,73,5,1,5,1
1082,120,73,5,1,5,1
1083,120,73,5,1,5,1
1084,120,73,5,1,5,1
1085,120,73,5,1,5,1
1086,120,73,5,1,5,1
1087,120,73,5,1,5,1
1088,120,73,5,1,5,1
1089,120,73,5,1,5,1
1090,120,73,5,1,5,1
1091,120,73,5,1,5,1
1092,120,73,5,1,5,1
1093,120,73,5,1,5,1
1094,120,73,5,1,5,1
1095,120,73,5,1,5,1
1096,120,73,5,1,5,1
1097,120,73,5,1,5,1
1098,120,73,5,1,5,1
1099,120,73,5,1,5,1
1100,120,73,5,1,5,1
1101,120,73,5,1,5,1
1102,120,73,5,1,5,1
1103,120,73,5,1,5,1
1104,120,73,5,1,5,1
1105,120,73,5,1,5,1
1106,120,73,5,1,5,1
1107,120,73,5,1,5,1
1108,120,73,5,1,5,1
1109,120,73,5,1,5,1
1110,120,73,5,1,5,1
1111,120,73,5,1,5,1
1112,120,73,5,1,5,1
1113,120,73,5,1,5,1
1114,120,73,5,1,5,1
1115,120,73,5,1,5,1
1116,120,73,5,1,5,1
1117,120,73,5,1,5,1
1118,120,73,5,1,5,1
1119,120,73,5,1,5,1
1120,120,73,5,1,5,1
1121,120,73,5,1,5,1
1122,120,73,5,1,5,1
1123,120,73,5,1,5,1
1124,120,73,5,1,5,1
1125,120,73,5,1,5,1
1126,120,73,5,1,5,1
1127,120,73,5,1,5,1
1128,120,73,5,1,5,1
1129,120,73,5,1,5,1
1130,120,73,5,1,5,1
1131,120,73,5,1,5,1
1132,120,73,5,1,5,1
1133,120,73,5,1,5,1
1134,120,73,5,1,5,1
1135,120,73,5,1,5,1
1136,120,73,5,1,5,1
1137,120,73,5,1,5,1
1138,120,73,5,1,5,1
1139,120,73,5,1,5,1
1140,120,73,5,1,5,1
1141,120,73,5,1,5,1
1142,120,73,5,1,5,1
1143,120,73,5,1,5,1
1144,120,73,5,1,5,1
1145,120,73,5,1,5,1
1146,120,73,5,1,5,1
1147,120,73,5,1,5,1
1148,120,73,5,1,5,1
1149,120,73,5,1,5,1
1150,120,73,5,1,5,1
1151,120,73,5,1,5,1
1152,120,73,5,1,5,1
1153,120,73,5,1,5,1
1154,120,73,5,1,5,1
1155,120,73,5,1,5,1
1156,120,73,5,1,5,1
1157,120,73,5,1,5,1
1158,120,73,5,1,5,1
1159,120,73,5,1,5,1
1160,120,73,5,1,5,1
1161,120,73,5,1,5,1
1162,120,73,5,1,5,1
1163,120,73,5,1,5,1
1164,120,73,5,1,5,1
1165,120,73,5,1,5,1
1166,120,73,5,1,5,1
1167,120,73,5,1,5,1
1168,120,73,5,1,5,1
1169,120,73,5,1,5,1
1170,120,73,5,1,5,1
1171,120,73,5,1,5,1
1172,120,73,5,1,5,1
1173,120,73,5,1,5,1
1174,120,73,5,1,5,1
1175,120,73,5,1,5,1
1176,120,73,5,1,5,1
1177,120,73,5,1,5,1
1178,120,73,5,1,5,1
1179,120,73,5,1,5,1
1180,120,73,5,1,5,1
1181,120,73,5,1,5,1
1182,120,73,5,1,5,1
1183,120,73,5,1,5,1
1184,120,73,5,1,5,1
1185,120,73,5,1,5,1
1186,120,73,5,1,5,1
1187,120,73,5,1,5,1
1188,120,73,5,1,5,1
1189,120,73,5,1,5,1
1190,120,73,5,1,5,1
1191,120,73,5,1,5,1
1192,120,73,5,1,5,1
1193,120,73,5,1,5,1
1194,120,73,5,1,5,1
1195,120,73,5,1,5,1
1196,120,73,5,1,5,1
1197,120,73,5,1,5,1
1198,120,73,5,1,5,1
1199,120,73,5,1,5,1
1200,120,73,5,1,5,1
1201,120,73,5,1,5,1
1202,120,73,5,1,5,1
1203,120,73,5,1,5,1
1204,120,73,5,1,5,1
1205,120,73,5,1,5,1
1206,120,73,5,1,5,1
1207,120,73,5,1,5,1
1208,120,73,5,1,5,1
1209,120,73,5,1,5,1
1210,120,73,5,1,5,1
1211,120,73,5,1,5,1
1212,120,73,5,1,5,1
1213,120,73,5,1,5,1
1214,120,73,5,1,5,1
1215,120,73,5,1,5,1
1216,120,73,5,1,5,1
1217,120,73,5,1,5,1
1218,120,73,5,1,5,1
1219,120,73,5,1,5,1
1220,120,73,5,1,5,1
1221,120,73,5,1,5,1
1222,120,73,5,1,5,1
1223,120,73,5,1,5,1
1224,120,73,5,1,5,1
1225,120,73,5,1,5,1
1226,120,73,5,1,5,1
1227,120,73,5,1,5,1
1228,120,73,5,1,5,1
1229,120,73,5,1,5,1
1230,120,73,5,1,5,1
1231,120,73,5,1,5,1
1232,120,73,5,1,5,1
1233,120,73,5,1,5,1
1234,120,73,5,1,5,1
1235,120,73,5,1,5,1
1236,120,73,5,1,5,1
1237,120,73,5,1,5,1
1238,120,73,5,1,5,1
1239,120,73,5,1,5,1
1240,120,73,5,1,5,1
1241,120,73,5,1,5,1
1242,120,73,5,1,5,1
1243,120,73,5,1,5,1
1244,120,73,5,1,5,1
1245,120,73,5,1,5,1
1246,120,73,5,1,5,1
1247,120,73,5,1,5,1
1248,120,73,5,1,5,1
1249,120,73,5,1,5,1
1250,120,73,5,1,5,1
1251,120,73,5,1,5,1
1252,120,73,5,1,5,1
1253,120,73,5,1,5,1
1254,120,73,5,1,5,1
1255,120,73,5,1,5,1
1256,120,73,5,1,5,1
1257,120,73,5,1,5,1
1258,120,73,5,1,5,1
1259,120,73,5,1,5,1
1260,120,73,5,1,5,1
1261,120,73,5,1,5,1
1262,120,73,5,1,5,1
1263,120,73,5,1,5,1
1264,120,73,5,1,5,1
1265,120,73,5,1,5,1
1266,120,73,5,1,5,1
1267,120,73,5,1,5,1
1268,120,73,5,1,5,1
1269,120,73,5,1,5,1
1270,120,73,5,1,5,1
1271,120,73,5,1,5,1
1272,120,73,5,1,5,1
1273,120,73,5,1,5,1
1274,120,73,5,1,5,1
1275,120,73,5,1,5,1
1276,120,73,5,1,5,1
1277,120,73,5,1,5,1
1278,120,73,5,1,5,1
1279,120,73,5,1,5,1
1280,120,73,5,1,5,1
1281,120,73,5,1,5,1
1282,120,73,5,1,5,1
1283,120,73,5,1,5,1
1284,120,73,5,1,5,1
1285,120,73,5,1,5,1
1286,120,73,5,1,5,1
1287,120,73,5,1,5,1
1288,120,73,5,1,5,1
1289,120,73,5,1,5,1
1290,120,73,5,1,5,1
1291,120,73,5,1,5,1
1292,120,73,5,1,5,1
1293,120,73,5,1,5,1
1294,120,73,5,1,5,1
1295,120,73,5,1,5,1
1296,120,73,5,1,5,1
1297,120,73,5,1,5,1
1298,120,73,5,1,5,1
1299,120,73,5,1,5,1
1300,120,73,5,1,5,1
1301,120,73,5,1,5,1
1302,120,73,5,1,5,1
1303,120,73,5,1,5,1
1304,120,73,5,1,5,1
1305,120,73,5,1,5,1
1306,120,73,5,1,5,1
1307,120,73,5,1,5,1
1308,120,73,5,1,5,1
1309,120,73,5,1,5,1
1310,120,73,5,1,5,1
1311,121,73,5,1,5,1
1312,121,73,5,1,5,1
1313,121,73,5,1,5,1
1314,121,73,5,1,5,1
1315,121,73,5,1,5,1
1316,121,73,5,1,5,1
1317,121,73,5,1,5,1
1318,121,73,5,1,5,1
1319,121,73,5,1,5,1
1320,121,74,5,1,5,1
1321,121,74,5,1,5,1
1322,121,74,5,1,5,1
1323,121,74,5,1,5,1
1324,121,74,5,1,5,1
1325,121,74,5,1,5,1
1326,121,74,5,1,5,1
1327,121,74,5,1,5,1
1328,121,74,5,1,5,1
1329,121,74,5,1,5,1
1330,121,74,5,1,5,1
1331,121,74,5,1,5,1
1332,121,74,5,1,5,1
1333,121,74,5,1,5,1
1334,121,74,5,1,5,1
1335,121,74,5,1,5,1
1336,121,74,5,1,5,1
1337,121,74,5,1,5,1
1338,121,74,5,1,5,1
1339,121,74,5,1,5,1
1340,121,74,5,1,5,1
1341,121,74,5,1,5,1
1342,121,74,5,1,5,1
1343,121,74,5,1,5,1
1344,121,74,5,1,5,1
1345,121,74,5,1,5,1
1346,121,74,5,1,5,1
1347,121,74,5,1,5,1
1348,121,74,5,1,5,1
1349,121,74,5,1,5,1
1350,121,74,5,1,5,1
1351,121,74,5,1,5,1
1352,121,74,5,1,5,1
1353,121,74,5,1,5,1
1354,121,74,5,1,5,1
1355,121,74,5,1,5,1
1356,121,74,5,1,5,1
1357,121,74,5,1,5,1
1358,121,74,5,1,5,1
1359,121,74,5,1,5,1
1360,121,74,5,1,5,1
1361,121,74,5,1,5,1
1362,121,74,5,1,5,1
1363,121,74,5,1,5,1
1364,121,74,5,1,5,1
1365,121,74,5,1,5,1
1366,121,74,5,1,5,1
1367,121,74,5,1,5,1
1368,121,74,5,1,5,1
1369,121,74,5,1,5,1
1370,121,74,5,1,5,1
1371,121,74,5,1,5,1
1372,121,74,5,1,5,1
1373,121,74,5,1,5,1
1374,121,74,5,1,5,1
1375,121,74,5,1,5,1
1376,121,74,5,1,5,1
1377,121,74,5,1,5,1
1378,121,74,5,1,5,1
1379,121,74,5,1,5,1
1380,121,74,5,1,5,1
1381,121,74,5,1,5,1
1382,121,74,5,1,5,1
1383,121,74,5,1,5,1
1384,121,74,5,1,5,1
1385,121,74,5,1,5,1
1386,121,74,5,1,5,1
1387,121,74,5,1,5,1
1388,121,74,5,1,5,1
1389,121,74,5,1,5,1
1390,121,74,5,1,5,1
1391,121,74,5,1,5,1
1392,121,74,5,1,5,1
1393,121,74,5,1,5,1
1394,121,74,5,1,5,1
1395,121,74,5,1,5,1
1396,121,74,5,1,5,1
1397,121,74,5,1,5,1
1398,121,74,5,1,5,1
1399,121,74,5,1,5,1
1400,121,74,5,1,5,1
1401,121,74,5,1,5,1
1402,121,74,5,1,5,1
1403,121,74,5,1,5,1
1404,121,74,5,1,5,1
1405,121,74,5,1,5,1
1406,121,74,5,1,5,1
1407,121,74,5,1,5,1
1408,121,74,5,1,5,1
1409,121,74,5,1,5,1
1410,121,75,5,1,5,1
1411,121,75,5,1,5,1
1412,121,75,5,1,5,1
1413,121,75,5,1,5,1
1414,121,75,5,1,5,1
1415,121,75,5,1,5,1
1416,121,75,5,1,5,1
1417,121,75,5,1,5,1
1418,121,75,5,1,5,1
1419,121,75,5,1,5,1
1420,121,75,5,1,5,1
1421,121,75,5,1,5,1
1422,121,75,5,1,5,1
1423,121,75,5,1,5,1
1424,121,75,5,1,5,1
1425,121,75,5,1,5,1
1426,121,75,5,1,5,1
1427,121,75,5,1,5,1
1428,121,75,5,1,5,1
1429,121,75,5,1,5,1
1430,121,75,5,1,5,1
1431,121,75,5,1,5,1
1432,121,75,5,1,5,1
1433,121,75,5,1,5,1
1434,121,75,5,1,5,1
1435,121,75,5,1,5,1
1436,121,75,5,1,5,1
1437,121,75,5,1,5,1
1438,121,75,5,1,5,1
1439,121,75,5,1,5,1
1440,121,75,5,1,5,1
1441,121,75,5,1,5,1
1442,121,75,5,1,5,1
1443,121,75,5,1,5,1
1444,121,75,5,1,5,1
1445,121,75,5,1,5,1
1446,121,75,5,1,5,1
1447,121,75,5,1,5,1
1448,121,75,5,1,5,1
1449,121,75,5,1,5,1
1450,121,75,5,1,5,1
1451,121,75,5,1,5,1
1452,121,75,5,1,5,1
1453,121,75,5,1,5,1
1454,121,75,5,1,5,1
1455,121,75,5,1,5,1
1456,121,75,5,1,5,1
1457,121,75,5,1,5,1
1458,121,75,5,1,5,1
1459,121,75,5,1,5,1
1460,121,75,5,1,5,1
1461,121,75,5,1,5,1
1462,121,75,5,1,5,1
1463,121,75,5,1,5,1
1464,121,75,5,1,5,1
1465,121,75,5,1,5,1
1466,121,75,5,1,5,1
1467,121,75,5,1,5,1
1468,121,75,5,1,5,1
1469,121,75,5,1,5,1
1470,121,75,5,1,5,1
1471,121,75,5,1,5,1
1472,121,75,5,1,5,1
1473,121,75,5,1,5,1
1474,121,75,5,1,5,1
1475,121,75,5,1,5,1
1476,121,75,5,1,5,1
1477,121,75,5,1,5,1
1478,121,75,5,1,5,1
1479,121,75,5,1,5,1
1480,121,75,5,1,5,1
1481,121,75,5,1,5,1
1482,121,75,5,1,5,1
1483,121,75,5,1,5,1
1484,121,75,5,1,5,1
1485,121,75,5,1,5,1
1486,121,75,5,1,5,1
1487,121,75,5,1,5,1
1488,121,75,5,1,5,1
1489,121,75,5,1,5,1
1490,121,75,5,1,5,1
1491,121,75,5,1,5,1
1492,121,75,5,1,5,1
1493,121,75,5,1,5,1
1494,121,75,5,1,5,1
1495,121,75,5,1,5,1
1496,121,75,5,1,5,1
1497,121,75,5,1,5,1
1498,121,75,5,1,5,1
1499,121,75,5,1,5,1
1500,121,75,5,1,5,1
1501,121,75,5,1,5,1
1502,121,75,5,1,5,1
1503,121,75,5,1,5,1
1504,121,75,5,1,5,1
1505,121,75,5,1,5,1
1506,121,75,5,1,5,1
1507,121,75,5,1,5,1
1508,121,75,5,1,5,1
1509,121,75,5,1,5,1
1510,121,75,5,1,5,1
1511,121,75,5,1,5,1
1512,121,75,5,1,5,1
1513,121,75,5,1,5,1
1514,121,75,5,1,5,1
1515,121,75,5,1,5,1
1516,121,75,5,1,5,1
1517,121,75,5,1,5,1
1518,121,75,5,1,5,1
1519,121,75,5,1,5,1
1520,121,75,5,1,5,1
1521,121,75,5,1,5,1
1522,121,75,5,1,5,1
1523,121,75,5,1,5,1
1524,121,75,5,1,5,1
1525,121,75,5,1,5,1
1526,121,75,5,1,5,1
1527,121,75,5,1,5,1
1528,121,75,5,1,5,1
1529,121,75,5,1,5,1
1530,121,75,5,1,5,1
1531,121,75,5,1,5,1
1532,121,75,5,1,5,1
1533,121,75,5,1,5,1
1534,121,75,5,1,5,1
1535,121,75,5,1,5,1
1536,121,75,5,1,5,1
1537,121,75,5,1,5,1
1538,121,75,5,1,5,1
1539,121,75,5,1,5,1
1540,121,75,5,1,5,1
1541,121,75,5,1,5,1
1542,121,75,5,1,5,1
1543,121,75,5,1,5,1
1544,121,75,5,1,5,1
1545,121,75,5,1,5,1
1546,121,75,5,1,5,1
1547,121,75,5,1,5,1
1548,121,75,5,1,5,1
1549,121,75,5,1,5,1
1550,121,75,5,1,5,1
1551,121,75,5,1,5,1
1552,121,75,5,1,5,1
1553,121,75,5,1,5,1
1554,121,75,5,1,5,1
1555,121,75,5,1,5,1
1556,121,75,5,1,5,1
1557,121,75,5,1,5,1
1558,121,75,5,1,5,1
1559,121,75,5,1,5,1
1560,121,75,5,1,5,1
1561,121,75,5,1,5,1
1562,121,75,5,1,5,1
1563,121,75,5,1,5,1
1564,121,75,5,1,5,1
1565,121,75,5,1,5,1
1566,121,75,5,1,5,1
1567,121,75,5,1,5,1
1568,121,75,5,1,5,1
1569,121,75,5,1,5,1
1570,121,75,5,1,5,1
1571,121,75,5,1,5,1
1572,121,75,5,1,5,1
1573,121,75,5,1,5,1
1574,121,75,5,1,5,1
1575,121,75,5,1,5,1
1576,121,75,5,1,5,1
1577,121,75,5,1,5,1
1578,121,75,5,1,5,1
1579,121,75,5,1,5,1
1580,121,75,5,1,5,1
1581,121,75,5,1,5,1
1582,121,75,5,1,5,1
1583,121,75,5,1,5,1
1584,121,75,5,1,5,1
1585,121,75,5,1,5,1
1586,121,75,5,1,5,1
1587,121,75,5,1,5,1
1588,121,75,5,1,5,1
1589,121,75,5,1,5,1
1590,121,75,5,1,5,1
1591,121,75,5,1,5,1
1592,121,75,5,1,5,1
1593,121,75,5,1,5,1
1594,121,75,5,1,5,1
1595,121,75,5,1,5,1
1596,121,75,5,1,5,1
1597,121,75,5,1,5,1
1598,121,75,5,1,5,1
1599,121,75,5,1,5,1
1600,121,75,5,1,5,1
1601,121,75,5,1,5,1
1602,121,75,5,1,5,1
1603,121,75,5,1,5,1
1604,121,75,5,1,5,1
1605,121,75,5,1,5,1
1606,121,75,5,1,5,1
1607,121,75,5,1,5,1
1608,121,75,5,1,5,1
1609,121,75,5,1,5,1
1610,121,75,5,1,5,1
1611,121,75,5,1,5,1
1612,121,75,5,1,5,1
1613,121,75,5,1,5,1
1614,121,75,5,1,5,1
1615,121,75,5,1,5,1
1616,121,75,5,1,5,1
1617,121,75,5,1,5,1
1618,121,75,5,1,5,1
1619,121,75,5,1,5,1
1620,121,75,5,1,5,1
1621,121,75,5,1,5,1
1622,121,75,5,1,5,1
1623,121,75,5,1,5,1
1624,121,75,5,1,5,1
1625,121,75,5,1,5,1
1626,121,75,5,1,5,1
1627,121,75,5,1,5,1
1628,121,75,5,1,5,1
1629,121,75,5,1,5,1
1630,121,75,5,1,5,1
1631,121,75,5,1,5,1
1632,121,75,5,1,5,1
1633,121,75,5,1,5,1
1634,121,75,5,1,5,1
1635,121,75,5,1,5,1
1636,121,75,5,1,5,1
1637,121,75,5,1,5,1
1638,121,75,5,1,5,1
1639,121,75,5,1,5,1
1640,121,75,5,1,5,1
1641,121,75,5,1,5,1
1642,121,75,5,1,5,1
1643,121,75,5,1,5,1
1644,121,75,5,1,5,1
1645,121,75,5,1,5,1
1646,121,75,5,1,5,1
1647,121,75,5,1,5,1
1648,121,75,5,1,5,1
1649,121,75,5,1,5,1
1650,121,75,5,1,5,1
1651,121,75,5,1,5,1
1652,121,75,5,1,5,1
1653,121,75,5,1,5,1
1654,121,75,5,1,5,1
1655,121,75,5,1,5,1
1656,121,75,5,1,5,1
1657,121,75,5,1,5,1
1658,121,75,5,1,5,1
1659,121,75,5,1,5,1
1660,121,75,5,1,5,1
1661,121,75,5,1,5,1
1662,121,75,5,1,5,1
1663,121,75,5,1,5,1
1664,121,76,5,1,5,1
1665,121,76,5,1,5,1
1666,121,76,5,1,5,1
1667,121,76,5,1,5,1
1668,121,76,5,1,5,1
1669,121,76,5,1,5,1
1670,121,76,5,1,5,1
1671,121,76,5,1,5,1
1672,121,76,5,1,5,1
1673,121,76,5,1,5,1
1674,121,76,5,1,5,1
1675,121,76,5,1,5,1
1676,121,76,5,1,5,1
1677,121,76,5,1,5,1
1678,121,76,5,1,5,1
1679,121,76,5,1,5,1
1680,121,76,5,1,5,1
1681,121,76,5,1,5,1
1682,121,76,5,1,5,1
1683,121,76,5,1,5,1
1684,121,76,5,1,5,1
1685,121,76,5,1,5,1
1686,121,76,5,1,5,1
1687,121,76,5,1,5,1
1688,121,76,5,1,5,1
1689,121,76,5,1,5,1
1690,121,76,5,1,5,1
1691,121,76,5,1,5,1
1692,122,76,5,1,5,1
1693,122,76,5,1,5,1
1694,122,76,5,1,5,1
1695,122,76,5,1,5,1
1696,122,76,5,1,5,1
1697,122,76,5,1,5,1
1698,122,76,5,1,5,1
1699,122,76,5,1,5,1
1700,122,76,5,1,5,1
1701,122,76,5,1,5,1
1702,122,76,5,1,5,1
1703,122,76,5,1,5,1
1704,122,76,5,1,5,1
1705,122,76,5,1,5,1
1706,122,76,5,1,5,1
1707,122,76,5,1,5,1
1708,122,76,5,1,5,1
1709,122,76,5,1,5,1
1710,122,76,5,1,5,1
1711,122,76,5,1,5,1
1712,122,76,5,1,5,1
1713,122,76,5,1,5,1
1714,123,77,5,1,5,1
1715,123,77,5,1,5,1
1716,123,77,5,1,5,1
1717,123,77,5,1,5,1
1718,123,77,5,1,5,1
1719,123,77,5,1,5,1
1720,123,77,5,1,5,1
1721,123,77,5,1,5,1
1722,123,77,5,1,5,1
1723,123,77,5,1,5,1
1724,123,77,5,1,5,1
1725,123,77,5,1,5,1
1726,123,77,5,1,5,1
1727,123,77,5,1,5,1
1728,123,77,5,1,5,1
1729,123,77,5,1,5,1
1730,123,77,5,1,5,1
1731,123,77,5,1,5,1
1732,123,77,5,1,5,1
1733,123,77,5,1,5,1
1734,123,77,5,1,5,1
1735,123,77,5,1,5,1
1736,123,77,5,1,5,1
1737,123,77,5,1,5,1
1738,123,77,5,1,5,1
1739,123,77,5,1,5,1
1740,123,77,5,1,5,1
1741,123,77,5,1,5,1
1742,123,77,5,1,5,1
1743,123,77,5,1,5,1
1744,123,77,5,1,5,1
1745,123,77,5,1,5,1
1746,123,77,5,1,5,1
1747,123,77,5,1,5,1
1748,123,77,5,1,5,1
1749,123,77,5,1,5,1
1750,123,77,5,1,5,1
1751,123,77,5,1,5,1
1752,123,77,5,1,5,1
1753,123,77,5,1,5,1
1754,123,77,5,1,5,1
1755,123,77,5,1,5,1
1756,123,77,5,1,5,1
1757,123,77,5,1,5,1
1758,123,77,5,1,5,1
1759,123,77,5,1,5,1
1760,123,77,5,1,5,1
1761,123,77,5,1,5,1
1762,123,77,5,1,5,1
1763,123,77,5,1,5,1
1764,123,77,5,1,5,1
1765,123,77,5,1,5,1
1766,123,77,5,1,5,1
1767,123,77,5,1,5,1
1768,123,77,5,1,5,1
1769,123,77,5,1,5,1
1770,123,77,5,1,5,1
1771,123,77,5,1,5,1
1772,123,77,5,1,5,1
1773,123,77,5,1,5,1
1774,123,77,5,1,5,1
1775,123,77,5,1,5,1
1776,123,77,5,1,5,1
1777,123,77,5,1,5,1
1778,123,77,5,1,5,1
1779,123,77,5,1,5,1
1780,123,77,5,1,5,1
1781,123,77,5,1,5,1
1782,123,77,5,1,5,1
1783,123,77,5,1,5,1
1784,123,77,5,1,5,1
1785,123,77,5,1,5,1
1786,123,77,5,1,5,1
1787,123,77,5,1,5,1
1788,123,77,5,1,5,1
1789,123,77,5,1,5,1
1790,123,77,5,1,5,1
1791,123,77,5,1,5,1
1792,123,77,5,1,5,1
1793,123,77,5,1,5,1
1794,123,77,5,1,5,1
1795,123,77,5,1,5,1
1796,123,77,5,1,5,1
1797,123,77,5,1,5,1
1798,123,77,5,1,5,1
1799,123,77,5,1,5,1
1800,123,77,5,1,5,1
1801,123,77,5,1,5,1
1802,123,77,5,1,5,1
1803,123,77,5,1,5,1
1804,123,77,5,1,5,1
1805,123,77,5,1,5,1
1806,123,77,5,1,5,1
1807,123,77,5,1,5,1
1808,123,77,5,1,5,1
1809,123,77,5,1,5,1
1810,123,77,5,1,5,1
1811,123,77,5,1,5,1
1812,123,77,5,1,5,1
1813,123,77,5,1,5,1
1814,123,77,5,1,5,1
1815,123,77,5,1,5,1
1816,123,77,5,1,5,1
1817,123,77,5,1,5,1
1818,123,77,5,1,5,1
1819,123,77,5,1,5,1
1820,123,77,5,1,5,1
1821,123,77,5,1,5,1
1822,123,77,5,1,5,1
1823,123,77,5,1,5,1
1824,123,77,5,1,5,1
1825,123,77,5,1,5,1
1826,123,77,5,1,5,1
1827,123,77,5,1,5,1
1828,123,77,5,1,5,1
1829,123,77,5,1,5,1
1830,123,77,5,1,5,1
1831,123,77,5,1,5,1
1832,123,77,5,1,5,1
1833,123,77,5,1,5,1
1834,123,77,5,1,5,1
1835,123,77,5,1,5,1
1836,123,77,5,1,5,1
1837,123,77,5,1,5,1
1838,123,77,5,1,5,1
1839,123,77,5,1,5,1
1840,123,77,5,1,5,1
1841,123,77,5,1,5,1
1842,123,77,5,1,5,1
1843,123,77,5,1,5,1
1844,123,77,5,1,5,1
1845,123,77,5,1,5,1
1846,123,77,5,1,5,1
1847,123,77,5,1,5,1
1848,123,77,5,1,5,1
1849,123,77,5,1,5,1
1850,123,77,5,1,5,1
1851,123,77,5,1,5,1
1852,123,77,5,1,5,1
1853,123,77,5,1,5,1
1854,123,77,5,1,5,1
1855,123,77,5,1,5,1
1856,123,77,5,1,5,1
1857,123,77,5,1,5,1
1858,123,77,5,1,5,1
1859,123,77,5,1,5,1
1860,123,77,5,1,5,1
1861,123,77,5,1,5,1
1862,123,77,5,1,5,1
1863,123,77,5,1,5,1
1864,123,77,5,1,5,1
1865,123,77,5,1,5,1
1866,123,77,5,1,5,1
1867,123,77,5,1,5,1
1868,123,77,5,1,5,1
1869,123,77,5,1,5,1
1870,123,77,5,1,5,1
1871,123,77,5,1,5,1
1872,123,77,5,1,5,1
1873,123,77,5,1,5,1
1874,123,77,5,1,5,1
1875,123,77,5,1,5,1
1876,123,77,5,1,5,1
1877,123,77,5,1,5,1
1878,123,77,5,1,5,1
1879,123,77,5,1,5,1
1880,123,77,5,1,5,1
1881,123,77,5,1,5,1
1882,123,77,5,1,5,1
1883,123,77,5,1,5,1
1884,123,77,5,1,5,1
1885,123,77,5,1,5,1
1886,123,77,5,1,5,1
1887,123,77,5,1,5,1
1888,123,77,5,1,5,1
1889,123,77,5,1,5,1
1890,123,77,5,1,5,1
1891,123,77,5,1,5,1
1892,123,77,5,1,5,1
1893,123,77,5,1,5,1
1894,123,77,5,1,5,1
1895,123,77,5,1,5,1
1896,123,77,5,1,5,1
1897,123,77,5,1,5,1
1898,123,77,5,1,5,1
1899,123,77,5,1,5,1
1900,123,77,5,1,5,1
1901,123,77,5,1,5,1
1902,123,77,5,1,5,1
1903,123,77,5,1,5,1
1904,123,77,5,1,5,1
1905,123,77,5,1,5,1
1906,123,77,5,1,5,1
1907,123,77,5,1,5,1
1908,123,77,5,1,5,1
1909,123,77,5,1,5,1
1910,123,77,5,1,5,1
1911,123,77,5,1,5,1
1912,123,77,5,1,5,1
1913,123,77,5,1,5,1
1914,123,77,5,1,5,1
1915,123,77,5,1,5,1
1916,123,77,5,1,5,1
1917,123,77,5,1,5,1
1918,123,77,5,1,5,1
1919,123,77,5,1,5,1
1920,123,77,5,1,5,1
1921,123,77,5,1,5,1
1922,123,77,5,1,5,1
1923,123,77,5,1,5,1
1924,123,77,5,1,5,1
1925,123,77,5,1,5,1
1926,123,77,5,1,5,1
1927,123,77,5,1,5,1
1928,123,77,5,1,5,1
1929,123,77,5,1,5,1
1930,123,77,5,1,5,1
1931,123,77,5,1,5,1
1932,123,77,5,1,5,1
1933,123,77,5,1,5,1
1934,123,77,5,1,5,1
1935,123,77,5,1,5,1
1936,123,77,5,1,5,1
1937,123,77,5,1,5,1
1938,123,77,5,1,5,1
1939,123,77,5,1,5,1
1940,123,77,5,1,5,1
1941,123,77,5,1,5,1
1942,123,77,5,1,5,1
1943,123,77,5,1,5,1
1944,123,77,5,1,5,1
1945,123,77,5,1,5,1
1946,123,77,5,1,5,1
1947,123,77,5,1,5,1
1948,123,77,5,1,5,1
1949,123,77,5,1,5,1
1950,123,77,5,1,5,1
1951,123,77,5,1,5,1
1952,123,77,5,1,5,1
1953,123,77,5,1,5,1
1954,123,77,5,1,5,1
1955,123,77,5,1,5,1
1956,123,77,5,1,5,1
1957,123,77,5,1,5,1
1958,123,77,5,1,5,1
1959,123,77,5,1,5,1
1960,123,77,5,1,5,1
1961,123,77,5,1,5,1
1962,123,77,5,1,5,1
1963,123,77,5,1,5,1
1964,123,77,5,1,5,1
1965,123,77,5,1,5,1
1966,123,77,5,1,5,1
1967,123,77,5,1,5,1
1968,123,77,5,1,5,1
1969,123,77,5,1,5,1
1970,123,77,5,1,5,1
1971,123,77,5,1,5,1
1972,123,77,5,1,5,1
1973,123,77,5,1,5,1
1974,123,77,5,1,5,1
1975,123,77,5,1,5,1
1976,123,77,5,1,5,1
1977,123,77,5,1,5,1
1978,123,77,5,1,5,1
1979,123,77,5,1,5,1
1980,123,77,5,1,5,1
1981,123,77,5,1,5,1
1982,123,77,5,1,5,1
1983,123,77,5,1,5,1
1984,123,77,5,1,5,1
1985,123,77,5,1,5,1
1986,123,77,5,1,5,1
1987,123,77,5,1,5,1
1988,123,77,5,1,5,1
1989,123,77,5,1,5,1
1990,123,77,5,1,5,1
1991,123,77,5,1,5,1
1992,123,77,5,1,5,1
1993,123,77,5,1,5,1
1994,123,77,5,1,5,1
1995,123,77,5,1,5,1
1996,123,77,5,1,5,1
1997,123,77,5,1,5,1
1998,123,77,5,1,5,1
1999,123,77,5,1,5,1
