update,prey_seen,prey_consumed,predator_vision,predator_vision_height,predator_vision_width
0,0,0,0,0,0
1,11,0,144,8,25
2,17,1,144,8,25
3,29,1,144,8,25
4,54,1,144,8,25
5,89,2,144,8,25
6,125,3,144,8,25
7,143,4,144,8,25
8,154,4,144,8,25
9,176,4,144,8,25
10,187,4,144,8,25
11,196,4,144,8,25
12,204,4,144,8,25
13,211,4,144,8,25
14,224,4,144,8,25
15,229,4,144,8,25
16,234,4,144,8,25
17,244,5,144,8,25
18,249,5,144,8,25
19,261,5,144,8,25
20,271,5,144,8,25
21,315,5,144,8,25
22,322,5,144,8,25
23,329,5,144,8,25
24,353,7,144,8,25
25,358,7,144,8,25
26,365,8,144,8,25
27,370,8,144,8,25
28,375,8,144,8,25
29,387,8,144,8,25
30,403,8,144,8,25
31,409,8,144,8,25
32,416,8,144,8,25
33,423,8,144,8,25
34,443,8,144,8,25
35,457,9,144,8,25
36,472,9,144,8,25
37,492,9,144,8,25
38,504,9,144,8,25
39,515,9,144,8,25
40,528,9,144,8,25
41,541,9,144,8,25
42,553,9,144,8,25
43,564,10,144,8,25
44,582,10,144,8,25
45,597,10,144,8,25
46,628,10,144,8,25
47,634,10,144,8,25
48,640,10,144,8,25
49,654,10,144,8,25
50,661,10,144,8,25
51,673,11,144,8,25
52,679,11,144,8,25
53,687,11,144,8,25
54,692,11,144,8,25
55,700,11,144,8,25
56,708,11,144,8,25
57,716,11,144,8,25
58,752,13,144,8,25
59,758,13,144,8,25
60,763,13,144,8,25
61,783,14,144,8,25
62,792,14,144,8,25
63,800,14,144,8,25
64,809,14,144,8,25
65,826,15,144,8,25
66,834,15,144,8,25
67,851,15,144,8,25
68,865,15,144,8,25
69,881,15,144,8,25
70,911,15,144,8,25
71,937,15,144,8,25
72,946,15,144,8,25
73,953,15,144,8,25
74,969,15,144,8,25
75,986,15,144,8,25
76,993,15,144,8,25
77,1000,15,144,8,25
78,1016,16,144,8,25
79,1023,16,144,8,25
80,1035,16,144,8,25
81,1043,16,144,8,25
82,1049,16,144,8,25
83,1057,16,144,8,25
84,1063,16,144,8,25
85,1077,16,144,8,25
86,1084,16,144,8,25
87,1099,16,144,8,25
88,1107,17,144,8,25
89,1115,17,144,8,25
90,1122,18,144,8,25
91,1137,19,144,8,25
92,1147,19,144,8,25
93,1151,19,144,8,25
94,1162,19,144,8,25
95,1168,19,144,8,25
96,1173,19,144,8,25
97,1178,19,144,8,25
98,1197,20,144,8,25
99,1201,20,144,8,25
100,1209,20,144,8,25
101,1214,20,144,8,25
102,1221,20,144,8,25
103,1224,20,144,8,25
104,1227,20,144,8,25
105,1234,20,144,8,25
106,1242,20,144,8,25
107,1254,20,144,8,25
108,1269,21,144,8,25
109,1276,21,144,8,25
110,1307,21,144,8,25
111,1324,21,144,8,25
112,1351,22,144,8,25
113,1369,22,144,8,25
114,1380,22,144,8,25
115,1391,22,144,8,25
116,1407,22,144,8,25
117,1421,23,144,8,25
118,1435,23,144,8,25
119,1442,24,144,8,25
120,1473,24,144,8,25
121,1480,24,144,8,25
122,1493,24,144,8,25
123,1500,25,144,8,25
124,1508,25,144,8,25
125,1514,25,144,8,25
126,1525,25,144,8,25
127,1528,25,144,8,25
128,1531,25,144,8,25
129,1535,25,144,8,25
130,1550,26,144,8,25
131,1554,26,144,8,25
132,1558,26,144,8,25
133,1562,26,144,8,25
134,1574,27,144,8,25
135,1580,27,144,8,25
136,1591,27,144,8,25
137,1603,27,144,8,25
138,1609,27,144,8,25
139,1615,27,144,8,25
140,1627,27,144,8,25
141,1640,28,144,8,25
142,1660,29,144,8,25
143,1672,29,144,8,25
144,1677,29,144,8,25
145,1689,29,144,8,25
146,1712,29,144,8,25
147,1727,30,144,8,25
148,1740,30,144,8,25
149,1763,30,144,8,25
150,1789,30,144,8,25
151,1806,30,144,8,25
152,1816,31,144,8,25
153,1833,31,144,8,25
154,1841,31,144,8,25
155,1855,31,144,8,25
156,1862,31,144,8,25
157,1884,31,144,8,25
158,1894,31,144,8,25
159,1900,31,144,8,25
160,1911,31,144,8,25
161,1916,31,144,8,25
162,1922,32,144,8,25
163,1926,33,144,8,25
164,1935,33,144,8,25
165,1951,33,144,8,25
166,1966,33,144,8,25
167,1971,33,144,8,25
168,1975,33,144,8,25
169,1989,33,144,8,25
170,1996,33,144,8,25
171,2004,33,144,8,25
172,2012,33,144,8,25
173,2019,34,144,8,25
174,2024,34,144,8,25
175,2028,34,144,8,25
176,2034,34,144,8,25
177,2045,34,144,8,25
178,2049,34,144,8,25
179,2059,34,144,8,25
180,2075,34,144,8,25
181,2080,34,144,8,25
182,2084,34,144,8,25
183,2089,34,144,8,25
184,2099,34,144,8,25
185,2127,34,144,8,25
186,2133,34,144,8,25
187,2138,34,144,8,25
188,2144,34,144,8,25
189,2150,34,144,8,25
190,2156,34,144,8,25
191,2160,34,144,8,25
192,2165,34,144,8,25
193,2190,34,144,8,25
194,2217,34,144,8,25
195,2235,34,144,8,25
196,2241,34,144,8,25
197,2246,34,144,8,25
198,2251,34,144,8,25
199,2257,34,144,8,25
200,2267,34,144,8,25
201,2272,34,144,8,25
202,2284,35,144,8,25
203,2289,35,144,8,25
204,2291,35,144,8,25
205,2294,35,144,8,25
206,2298,35,144,8,25
207,2301,35,144,8,25
208,2305,35,144,8,25
209,2309,35,144,8,25
210,2319,35,144,8,25
211,2325,35,144,8,25
212,2335,36,144,8,25
213,2350,37,144,8,25
214,2356,37,144,8,25
215,2365,37,144,8,25
216,2373,37,144,8,25
217,2377,37,144,8,25
218,2388,37,144,8,25
219,2391,37,144,8,25
220,2398,37,144,8,25
221,2401,37,144,8,25
222,2404,38,144,8,25
223,2408,38,144,8,25
224,2412,38,144,8,25
225,2420,38,144,8,25
226,2425,38,144,8,25
227,2428,38,144,8,25
228,2433,38,144,8,25
229,2437,38,144,8,25
230,2444,38,144,8,25
231,2452,38,144,8,25
232,2466,38,144,8,25
233,2473,38,144,8,25
234,2480,39,144,8,25
235,2494,39,144,8,25
236,2500,39,144,8,25
237,2505,39,144,8,25
238,2520,39,144,8,25
239,2530,39,144,8,25
240,2536,39,144,8,25
241,2540,39,144,8,25
242,2551,40,144,8,25
243,2555,40,144,8,25
244,2559,40,144,8,25
245,2565,40,144,8,25
246,2580,41,144,8,25
247,2600,41,144,8,25
248,2608,41,144,8,25
249,2614,41,144,8,25
250,2628,41,144,8,25
251,2636,41,144,8,25
252,2644,42,144,8,25
253,2651,42,144,8,25
254,2657,42,144,8,25
255,2663,43,144,8,25
256,2668,43,144,8,25
257,2677,43,144,8,25
258,2689,44,144,8,25
259,2697,44,144,8,25
260,2700,44,144,8,25
261,2703,44,144,8,25
262,2706,44,144,8,25
263,2713,44,144,8,25
264,2717,44,144,8,25
265,2725,44,144,8,25
266,2728,44,144,8,25
267,2731,44,144,8,25
268,2744,44,144,8,25
269,2751,44,144,8,25
270,2755,44,144,8,25
271,2758,44,144,8,25
272,2761,44,144,8,25
273,2770,45,144,8,25
274,2780,45,144,8,25
275,2787,45,144,8,25
276,2791,45,144,8,25
277,2797,45,144,8,25
278,2811,45,144,8,25
279,2819,45,144,8,25
280,2830,46,144,8,25
281,2834,46,144,8,25
282,2850,46,144,8,25
283,2862,46,144,8,25
284,2867,46,144,8,25
285,2874,46,144,8,25
286,2882,46,144,8,25
287,2886,46,144,8,25
288,2894,47,144,8,25
289,2905,47,144,8,25
290,2914,47,144,8,25
291,2918,47,144,8,25
292,2922,47,144,8,25
293,2930,47,144,8,25
294,2944,47,144,8,25
295,2956,48,144,8,25
296,2969,48,144,8,25
297,2973,48,144,8,25
298,2977,48,144,8,25
299,2982,48,144,8,25
300,2986,48,144,8,25
301,2994,48,144,8,25
302,3005,48,144,8,25
303,3015,48,144,8,25
304,3019,48,144,8,25
305,3025,48,144,8,25
306,3030,48,144,8,25
307,3039,48,144,8,25
308,3055,48,144,8,25
309,3068,49,144,8,25
310,3072,49,144,8,25
311,3081,49,144,8,25
312,3086,50,144,8,25
313,3094,50,144,8,25
314,3114,50,144,8,25
315,3118,50,144,8,25
316,3121,50,144,8,25
317,3124,50,144,8,25
318,3127,50,144,8,25
319,3132,50,144,8,25
320,3141,50,144,8,25
321,3154,50,144,8,25
322,3160,50,144,8,25
323,3167,50,144,8,25
324,3171,50,144,8,25
325,3178,50,144,8,25
326,3182,50,144,8,25
327,3184,50,144,8,25
328,3187,50,144,8,25
329,3191,50,144,8,25
330,3200,50,144,8,25
331,3211,50,144,8,25
332,3214,50,144,8,25
333,3226,51,144,8,25
334,3228,51,144,8,25
335,3233,51,144,8,25
336,3234,51,144,8,25
337,3236,51,144,8,25
338,3238,51,144,8,25
339,3243,51,144,8,25
340,3245,51,144,8,25
341,3247,51,144,8,25
342,3253,51,144,8,25
343,3257,51,144,8,25
344,3268,51,144,8,25
345,3275,52,144,8,25
346,3286,52,144,8,25
347,3291,52,144,8,25
348,3298,52,144,8,25
349,3300,52,144,8,25
350,3306,52,144,8,25
351,3307,52,144,8,25
352,3309,52,144,8,25
353,3313,52,144,8,25
354,3316,52,144,8,25
355,3320,52,144,8,25
356,3321,52,144,8,25
357,3324,53,144,8,25
358,3326,53,144,8,25
359,3327,53,144,8,25
360,3329,53,144,8,25
361,3335,53,144,8,25
362,3339,53,144,8,25
363,3343,53,144,8,25
364,3352,53,144,8,25
365,3355,53,144,8,25
366,3359,53,144,8,25
367,3362,53,144,8,25
368,3368,53,144,8,25
369,3370,53,144,8,25
370,3372,53,144,8,25
371,3375,53,144,8,25
372,3377,53,144,8,25
373,3378,53,144,8,25
374,3381,53,144,8,25
375,3384,53,144,8,25
376,3385,53,144,8,25
377,3388,53,144,8,25
378,3394,53,144,8,25
379,3401,53,144,8,25
380,3404,53,144,8,25
381,3412,53,144,8,25
382,3413,53,144,8,25
383,3415,53,144,8,25
384,3420,53,144,8,25
385,3422,53,144,8,25
386,3427,53,144,8,25
387,3430,53,144,8,25
388,3436,53,144,8,25
389,3442,54,144,8,25
390,3445,54,144,8,25
391,3448,54,144,8,25
392,3450,54,144,8,25
393,3454,54,144,8,25
394,3455,54,144,8,25
395,3458,54,144,8,25
396,3469,55,144,8,25
397,3472,55,144,8,25
398,3475,55,144,8,25
399,3489,55,144,8,25
400,3501,55,144,8,25
401,3513,56,144,8,25
402,3521,56,144,8,25
403,3530,57,144,8,25
404,3535,57,144,8,25
405,3539,57,144,8,25
406,3541,57,144,8,25
407,3544,57,144,8,25
408,3549,57,144,8,25
409,3553,57,144,8,25
410,3558,57,144,8,25
411,3565,57,144,8,25
412,3565,57,144,8,25
413,3567,57,144,8,25
414,3569,57,144,8,25
415,3572,57,144,8,25
416,3576,57,144,8,25
417,3584,58,144,8,25
418,3590,58,144,8,25
419,3596,59,144,8,25
420,3600,59,144,8,25
421,3601,59,144,8,25
422,3603,59,144,8,25
423,3604,59,144,8,25
424,3605,59,144,8,25
425,3606,59,144,8,25
426,3608,59,144,8,25
427,3610,59,144,8,25
428,3616,59,144,8,25
429,3618,60,144,8,25
430,3619,60,144,8,25
431,3620,60,144,8,25
432,3623,60,144,8,25
433,3625,60,144,8,25
434,3631,60,144,8,25
435,3641,60,144,8,25
436,3643,60,144,8,25
437,3652,60,144,8,25
438,3658,61,144,8,25
439,3665,61,144,8,25
440,3669,61,144,8,25
441,3676,61,144,8,25
442,3680,61,144,8,25
443,3683,61,144,8,25
444,3686,61,144,8,25
445,3689,61,144,8,25
446,3693,61,144,8,25
447,3699,62,144,8,25
448,3701,62,144,8,25
449,3703,62,144,8,25
450,3709,62,144,8,25
451,3715,62,144,8,25
452,3721,63,144,8,25
453,3723,63,144,8,25
454,3726,63,144,8,25
455,3729,63,144,8,25
456,3729,63,144,8,25
457,3729,63,144,8,25
458,3730,63,144,8,25
459,3732,63,144,8,25
460,3737,63,144,8,25
461,3740,63,144,8,25
462,3749,63,144,8,25
463,3752,63,144,8,25
464,3755,63,144,8,25
465,3757,63,144,8,25
466,3758,63,144,8,25
467,3759,63,144,8,25
468,3762,63,144,8,25
469,3764,63,144,8,25
470,3764,63,144,8,25
471,3764,63,144,8,25
472,3765,63,144,8,25
473,3767,63,144,8,25
474,3770,63,144,8,25
475,3772,63,144,8,25
476,3774,63,144,8,25
477,3779,63,144,8,25
478,3792,64,144,8,25
479,3798,65,144,8,25
480,3803,65,144,8,25
481,3810,65,144,8,25
482,3814,66,144,8,25
483,3818,66,144,8,25
484,3821,66,144,8,25
485,3826,67,144,8,25
486,3830,67,144,8,25
487,3833,68,144,8,25
488,3839,68,144,8,25
489,3842,68,144,8,25
490,3855,69,144,8,25
491,3864,69,144,8,25
492,3869,69,144,8,25
493,3877,70,144,8,25
494,3881,70,144,8,25
495,3885,70,144,8,25
496,3890,70,144,8,25
497,3903,71,144,8,25
498,3906,71,144,8,25
499,3914,71,144,8,25
0,3922,71,144,8,25
1,3922,71,6,4,3
2,3922,71,6,4,3
3,3922,71,6,4,3
4,3922,71,6,4,3
5,3922,71,6,4,3
6,3922,71,6,4,3
7,3923,71,6,4,3
8,3923,71,6,4,3
9,3923,71,6,4,3
10,3926,2,6,4,3
11,3926,2,6,4,3
12,3926,2,6,4,3
13,3927,3,6,4,3
14,3928,4,6,4,3
15,3930,5,6,4,3
16,3930,5,6,4,3
17,3931,6,6,4,3
18,3932,7,6,4,3
19,3932,7,6,4,3
20,3932,7,6,4,3
21,3932,7,6,4,3
22,3932,7,6,4,3
23,3932,7,6,4,3
24,3932,7,6,4,3
25,3932,7,6,4,3
26,3934,7,6,4,3
27,3934,7,6,4,3
28,3934,7,6,4,3
29,3934,7,6,4,3
30,3934,7,6,4,3
31,3934,7,6,4,3
32,3934,7,6,4,3
33,3934,7,6,4,3
34,3934,7,6,4,3
35,3934,7,6,4,3
36,3935,8,6,4,3
37,3935,8,6,4,3
38,3935,8,6,4,3
39,3936,8,6,4,3
40,3936,8,6,4,3
41,3936,8,6,4,3
42,3936,8,6,4,3
43,3937,9,6,4,3
44,3937,9,6,4,3
45,3937,9,6,4,3
46,3937,9,6,4,3
47,3937,9,6,4,3
48,3937,9,6,4,3
49,3938,9,6,4,3
50,3939,10,6,4,3
51,3939,10,6,4,3
52,3939,10,6,4,3
53,3939,10,6,4,3
54,3939,10,6,4,3
55,3940,11,6,4,3
56,3940,11,6,4,3
57,3941,12,6,4,3
58,3941,12,6,4,3
59,3941,12,6,4,3
60,3941,12,6,4,3
61,3941,12,6,4,3
62,3941,12,6,4,3
63,3942,13,6,4,3
64,3942,13,6,4,3
65,3942,13,6,4,3
66,3944,13,6,4,3
67,3944,13,6,4,3
68,3944,13,6,4,3
69,3944,13,6,4,3
70,3944,13,6,4,3
71,3945,13,6,4,3
72,3945,13,6,4,3
73,3945,13,6,4,3
74,3945,13,6,4,3
75,3946,14,6,4,3
76,3946,14,6,4,3
77,3947,14,6,4,3
78,3947,14,6,4,3
79,3947,14,6,4,3
80,3947,14,6,4,3
81,3947,14,6,4,3
82,3948,15,6,4,3
83,3948,15,6,4,3
84,3948,15,6,4,3
85,3948,15,6,4,3
86,3948,15,6,4,3
87,3948,15,6,4,3
88,3948,15,6,4,3
89,3948,15,6,4,3
90,3948,15,6,4,3
91,3948,15,6,4,3
92,3948,15,6,4,3
93,3949,16,6,4,3
94,3949,16,6,4,3
95,3949,16,6,4,3
96,3949,16,6,4,3
97,3949,16,6,4,3
98,3949,16,6,4,3
99,3949,16,6,4,3
100,3949,16,6,4,3
101,3949,16,6,4,3
102,3951,17,6,4,3
103,3951,17,6,4,3
104,3951,17,6,4,3
105,3951,17,6,4,3
106,3951,17,6,4,3
107,3952,18,6,4,3
108,3952,18,6,4,3
109,3952,18,6,4,3
110,3952,18,6,4,3
111,3953,19,6,4,3
112,3954,19,6,4,3
113,3954,19,6,4,3
114,3954,19,6,4,3
115,3954,19,6,4,3
116,3955,20,6,4,3
117,3956,21,6,4,3
118,3957,21,6,4,3
119,3958,21,6,4,3
120,3958,21,6,4,3
121,3958,21,6,4,3
122,3959,21,6,4,3
123,3959,21,6,4,3
124,3961,21,6,4,3
125,3961,21,6,4,3
126,3964,23,6,4,3
127,3964,23,6,4,3
128,3964,23,6,4,3
129,3964,23,6,4,3
130,3964,23,6,4,3
131,3964,23,6,4,3
132,3964,23,6,4,3
133,3964,23,6,4,3
134,3964,23,6,4,3
135,3964,23,6,4,3
136,3965,24,6,4,3
137,3966,24,6,4,3
138,3969,26,6,4,3
139,3969,26,6,4,3
140,3969,26,6,4,3
141,3969,26,6,4,3
142,3970,27,6,4,3
143,3970,27,6,4,3
144,3970,27,6,4,3
145,3970,27,6,4,3
146,3970,27,6,4,3
147,3970,27,6,4,3
148,3970,27,6,4,3
149,3970,27,6,4,3
150,3970,27,6,4,3
151,3970,27,6,4,3
152,3970,27,6,4,3
153,3971,27,6,4,3
154,3972,28,6,4,3
155,3972,28,6,4,3
156,3972,28,6,4,3
157,3972,28,6,4,3
158,3972,28,6,4,3
159,3972,28,6,4,3
160,3972,28,6,4,3
161,3972,28,6,4,3
162,3972,28,6,4,3
163,3972,28,6,4,3
164,3973,29,6,4,3
165,3973,29,6,4,3
166,3973,29,6,4,3
167,3973,29,6,4,3
168,3973,29,6,4,3
169,3974,30,6,4,3
170,3974,30,6,4,3
171,3974,30,6,4,3
172,3975,31,6,4,3
173,3976,32,6,4,3
174,3976,32,6,4,3
175,3976,32,6,4,3
176,3976,32,6,4,3
177,3976,32,6,4,3
178,3976,32,6,4,3
179,3976,32,6,4,3
180,3976,32,6,4,3
181,3977,33,6,4,3
182,3977,33,6,4,3
183,3977,33,6,4,3
184,3977,33,6,4,3
185,3977,33,6,4,3
186,3978,34,6,4,3
187,3978,34,6,4,3
188,3978,34,6,4,3
189,3978,34,6,4,3
190,3978,34,6,4,3
191,3979,34,6,4,3
192,3980,34,6,4,3
193,3980,34,6,4,3
194,3980,34,6,4,3
195,3980,34,6,4,3
196,3980,34,6,4,3
197,3980,34,6,4,3
198,3980,34,6,4,3
199,3980,34,6,4,3
200,3980,34,6,4,3
201,3980,34,6,4,3
202,3980,34,6,4,3
203,3980,34,6,4,3
204,3980,34,6,4,3
205,3981,35,6,4,3
206,3981,35,6,4,3
207,3982,36,6,4,3
208,3982,36,6,4,3
209,3982,36,6,4,3
210,3982,36,6,4,3
211,3982,36,6,4,3
212,3982,36,6,4,3
213,3982,36,6,4,3
214,3982,36,6,4,3
215,3982,36,6,4,3
216,3982,36,6,4,3
217,3982,36,6,4,3
218,3983,37,6,4,3
219,3983,37,6,4,3
220,3983,37,6,4,3
221,3983,37,6,4,3
222,3983,37,6,4,3
223,3983,37,6,4,3
224,3983,37,6,4,3
225,3983,37,6,4,3
226,3983,37,6,4,3
227,3983,37,6,4,3
228,3983,37,6,4,3
229,3983,37,6,4,3
230,3985,38,6,4,3
231,3985,38,6,4,3
232,3985,38,6,4,3
233,3985,38,6,4,3
234,3985,38,6,4,3
235,3985,38,6,4,3
236,3985,38,6,4,3
237,3986,38,6,4,3
238,3986,38,6,4,3
239,3987,39,6,4,3
240,3987,39,6,4,3
241,3987,39,6,4,3
242,3987,39,6,4,3
243,3987,39,6,4,3
244,3988,40,6,4,3
245,3988,40,6,4,3
246,3988,40,6,4,3
247,3989,41,6,4,3
248,3990,41,6,4,3
249,3990,41,6,4,3
250,3991,42,6,4,3
251,3991,42,6,4,3
252,3991,42,6,4,3
253,3991,42,6,4,3
254,3991,42,6,4,3
255,3991,42,6,4,3
256,3991,42,6,4,3
257,3991,42,6,4,3
258,3992,43,6,4,3
259,3992,43,6,4,3
260,3992,43,6,4,3
261,3993,44,6,4,3
262,3993,44,6,4,3
263,3993,44,6,4,3
264,3994,44,6,4,3
265,3994,44,6,4,3
266,3994,44,6,4,3
267,3994,44,6,4,3
268,3994,44,6,4,3
269,3994,44,6,4,3
270,3994,44,6,4,3
271,3994,44,6,4,3
272,3994,44,6,4,3
273,3994,44,6,4,3
274,3994,44,6,4,3
275,3994,44,6,4,3
276,3994,44,6,4,3
277,3994,44,6,4,3
278,3995,45,6,4,3
279,3995,45,6,4,3
280,3996,45,6,4,3
281,3996,45,6,4,3
282,3996,45,6,4,3
283,3996,45,6,4,3
284,3996,45,6,4,3
285,3996,45,6,4,3
286,3996,45,6,4,3
287,3996,45,6,4,3
288,3996,45,6,4,3
289,3996,45,6,4,3
290,3996,45,6,4,3
291,3996,45,6,4,3
292,3996,45,6,4,3
293,3996,45,6,4,3
294,3996,45,6,4,3
295,3997,46,6,4,3
296,3997,46,6,4,3
297,3997,46,6,4,3
298,3997,46,6,4,3
299,3997,46,6,4,3
300,3997,46,6,4,3
301,3997,46,6,4,3
302,3997,46,6,4,3
303,3997,46,6,4,3
304,3997,46,6,4,3
305,3997,46,6,4,3
306,3997,46,6,4,3
307,3997,46,6,4,3
308,3998,47,6,4,3
309,3998,47,6,4,3
310,3998,47,6,4,3
311,3998,47,6,4,3
312,3998,47,6,4,3
313,3999,48,6,4,3
314,3999,48,6,4,3
315,3999,48,6,4,3
316,3999,48,6,4,3
317,3999,48,6,4,3
318,3999,48,6,4,3
319,3999,48,6,4,3
320,3999,48,6,4,3
321,3999,48,6,4,3
322,3999,48,6,4,3
323,3999,48,6,4,3
324,3999,48,6,4,3
325,4000,49,6,4,3
326,4000,49,6,4,3
327,4001,49,6,4,3
328,4001,49,6,4,3
329,4001,49,6,4,3
330,4001,49,6,4,3
331,4001,49,6,4,3
332,4001,49,6,4,3
333,4001,49,6,4,3
334,4001,49,6,4,3
335,4001,49,6,4,3
336,4001,49,6,4,3
337,4002,49,6,4,3
338,4002,49,6,4,3
339,4002,49,6,4,3
340,4002,49,6,4,3
341,4002,49,6,4,3
342,4003,50,6,4,3
343,4003,50,6,4,3
344,4003,50,6,4,3
345,4003,50,6,4,3
346,4003,50,6,4,3
347,4003,50,6,4,3
348,4003,50,6,4,3
349,4004,51,6,4,3
350,4004,51,6,4,3
351,4004,51,6,4,3
352,4004,51,6,4,3
353,4004,51,6,4,3
354,4004,51,6,4,3
355,4004,51,6,4,3
356,4004,51,6,4,3
357,4004,51,6,4,3
358,4004,51,6,4,3
359,4004,51,6,4,3
360,4004,51,6,4,3
361,4004,51,6,4,3
362,4004,51,6,4,3
363,4004,51,6,4,3
364,4004,51,6,4,3
365,4004,51,6,4,3
366,4004,51,6,4,3
367,4004,51,6,4,3
368,4004,51,6,4,3
369,4004,51,6,4,3
370,4004,51,6,4,3
371,4004,51,6,4,3
372,4004,51,6,4,3
373,4004,51,6,4,3
374,4004,51,6,4,3
375,4004,51,6,4,3
376,4004,51,6,4,3
377,4004,51,6,4,3
378,4004,51,6,4,3
379,4004,51,6,4,3
380,4004,51,6,4,3
381,4004,51,6,4,3
382,4004,51,6,4,3
383,4004,51,6,4,3
384,4004,51,6,4,3
385,4004,51,6,4,3
386,4004,51,6,4,3
387,4004,51,6,4,3
388,4005,52,6,4,3
389,4005,52,6,4,3
390,4005,52,6,4,3
391,4005,52,6,4,3
392,4005,52,6,4,3
393,4005,52,6,4,3
394,4005,52,6,4,3
395,4006,53,6,4,3
396,4006,53,6,4,3
397,4006,53,6,4,3
398,4006,53,6,4,3
399,4006,53,6,4,3
400,4006,53,6,4,3
401,4006,53,6,4,3
402,4006,53,6,4,3
403,4006,53,6,4,3
404,4006,53,6,4,3
405,4006,53,6,4,3
406,4006,53,6,4,3
407,4006,53,6,4,3
408,4006,53,6,4,3
409,4006,53,6,4,3
410,4006,53,6,4,3
411,4006,53,6,4,3
412,4006,53,6,4,3
413,4008,54,6,4,3
414,4008,54,6,4,3
415,4008,54,6,4,3
416,4008,54,6,4,3
417,4008,54,6,4,3
418,4008,54,6,4,3
419,4008,54,6,4,3
420,4008,54,6,4,3
421,4008,54,6,4,3
422,4008,54,6,4,3
423,4008,54,6,4,3
424,4008,54,6,4,3
425,4008,54,6,4,3
426,4008,54,6,4,3
427,4008,54,6,4,3
428,4008,54,6,4,3
429,4008,54,6,4,3
430,4008,54,6,4,3
431,4008,54,6,4,3
432,4008,54,6,4,3
433,4008,54,6,4,3
434,4008,54,6,4,3
435,4009,55,6,4,3
436,4009,55,6,4,3
437,4009,55,6,4,3
438,4009,55,6,4,3
439,4009,55,6,4,3
440,4009,55,6,4,3
441,4009,55,6,4,3
442,4009,55,6,4,3
443,4009,55,6,4,3
444,4009,55,6,4,3
445,4009,55,6,4,3
446,4009,55,6,4,3
447,4009,55,6,4,3
448,4009,55,6,4,3
449,4009,55,6,4,3
450,4009,55,6,4,3
451,4009,55,6,4,3
452,4009,55,6,4,3
453,4009,55,6,4,3
454,4009,55,6,4,3
455,4009,55,6,4,3
456,4009,55,6,4,3
457,4009,55,6,4,3
458,4009,55,6,4,3
459,4009,55,6,4,3
460,4009,55,6,4,3
461,4009,55,6,4,3
462,4009,55,6,4,3
463,4009,55,6,4,3
464,4009,55,6,4,3
465,4009,55,6,4,3
466,4009,55,6,4,3
467,4009,55,6,4,3
468,4009,55,6,4,3
469,4010,56,6,4,3
470,4010,56,6,4,3
471,4010,56,6,4,3
472,4010,56,6,4,3
473,4010,56,6,4,3
474,4010,56,6,4,3
475,4010,56,6,4,3
476,4010,56,6,4,3
477,4010,56,6,4,3
478,4010,56,6,4,3
479,4010,56,6,4,3
480,4010,56,6,4,3
481,4010,56,6,4,3
482,4010,56,6,4,3
483,4010,56,6,4,3
484,4010,56,6,4,3
485,4010,56,6,4,3
486,4010,56,6,4,3
487,4010,56,6,4,3
488,4011,57,6,4,3
489,4011,57,6,4,3
490,4011,57,6,4,3
491,4011,57,6,4,3
492,4011,57,6,4,3
493,4011,57,6,4,3
494,4011,57,6,4,3
495,4011,57,6,4,3
496,4011,57,6,4,3
497,4011,57,6,4,3
498,4011,57,6,4,3
499,4011,57,6,4,3
0,4011,57,6,4,3
1,4015,57,108,6,23
2,4024,57,108,6,23
3,4031,57,108,6,23
4,4037,57,108,6,23
5,4048,57,108,6,23
6,4055,57,108,6,23
7,4061,57,108,6,23
8,4069,57,108,6,23
9,4083,1,108,6,23
10,4102,1,108,6,23
11,4114,1,108,6,23
12,4120,1,108,6,23
13,4127,2,108,6,23
14,4131,3,108,6,23
15,4135,4,108,6,23
16,4147,4,108,6,23
17,4151,4,108,6,23
18,4173,5,108,6,23
19,4179,5,108,6,23
20,4188,6,108,6,23
21,4204,6,108,6,23
22,4220,6,108,6,23
23,4227,6,108,6,23
24,4232,6,108,6,23
25,4240,6,108,6,23
26,4254,7,108,6,23
27,4260,8,108,6,23
28,4273,9,108,6,23
29,4282,9,108,6,23
30,4288,10,108,6,23
31,4299,10,108,6,23
32,4305,10,108,6,23
33,4323,10,108,6,23
34,4329,10,108,6,23
35,4335,10,108,6,23
36,4360,11,108,6,23
37,4367,11,108,6,23
38,4374,11,108,6,23
39,4393,11,108,6,23
40,4415,12,108,6,23
41,4427,13,108,6,23
42,4440,13,108,6,23
43,4444,13,108,6,23
44,4448,13,108,6,23
45,4450,13,108,6,23
46,4452,13,108,6,23
47,4454,13,108,6,23
48,4457,13,108,6,23
49,4463,13,108,6,23
50,4472,13,108,6,23
51,4475,13,108,6,23
52,4477,13,108,6,23
53,4479,13,108,6,23
54,4487,13,108,6,23
55,4503,13,108,6,23
56,4509,13,108,6,23
57,4514,13,108,6,23
58,4522,13,108,6,23
59,4526,13,108,6,23
60,4531,13,108,6,23
61,4536,13,108,6,23
62,4541,14,108,6,23
63,4546,14,108,6,23
64,4551,14,108,6,23
65,4554,14,108,6,23
66,4557,14,108,6,23
67,4561,14,108,6,23
68,4572,15,108,6,23
69,4582,15,108,6,23
70,4594,15,108,6,23
71,4599,15,108,6,23
72,4612,16,108,6,23
73,4618,16,108,6,23
74,4648,16,108,6,23
75,4665,17,108,6,23
76,4699,18,108,6,23
77,4706,18,108,6,23
78,4721,18,108,6,23
79,4728,18,108,6,23
80,4731,19,108,6,23
81,4735,19,108,6,23
82,4744,19,108,6,23
83,4750,19,108,6,23
84,4780,19,108,6,23
85,4797,20,108,6,23
86,4810,20,108,6,23
87,4823,20,108,6,23
88,4834,20,108,6,23
89,4841,21,108,6,23
90,4847,21,108,6,23
91,4860,21,108,6,23
92,4866,21,108,6,23
93,4873,21,108,6,23
94,4889,21,108,6,23
95,4904,21,108,6,23
96,4909,21,108,6,23
97,4915,22,108,6,23
98,4924,22,108,6,23
99,4930,22,108,6,23
100,4938,22,108,6,23
101,4941,22,108,6,23
102,4950,22,108,6,23
103,4956,22,108,6,23
104,4962,22,108,6,23
105,4978,22,108,6,23
106,4985,22,108,6,23
107,4988,22,108,6,23
108,4991,22,108,6,23
109,4993,22,108,6,23
110,4998,22,108,6,23
111,5006,22,108,6,23
112,5010,22,108,6,23
113,5017,22,108,6,23
114,5020,22,108,6,23
115,5030,22,108,6,23
116,5048,23,108,6,23
117,5054,23,108,6,23
118,5072,23,108,6,23
119,5077,23,108,6,23
120,5088,23,108,6,23
121,5100,23,108,6,23
122,5112,23,108,6,23
123,5115,23,108,6,23
124,5123,24,108,6,23
125,5128,24,108,6,23
126,5133,24,108,6,23
127,5145,24,108,6,23
128,5150,24,108,6,23
129,5160,24,108,6,23
130,5164,24,108,6,23
131,5180,24,108,6,23
132,5203,24,108,6,23
133,5212,25,108,6,23
134,5226,25,108,6,23
135,5230,25,108,6,23
136,5237,26,108,6,23
137,5240,26,108,6,23
138,5246,26,108,6,23
139,5254,27,108,6,23
140,5257,28,108,6,23
141,5262,29,108,6,23
142,5268,29,108,6,23
143,5275,29,108,6,23
144,5279,29,108,6,23
145,5286,29,108,6,23
146,5305,29,108,6,23
147,5311,29,108,6,23
148,5323,29,108,6,23
149,5336,30,108,6,23
150,5349,30,108,6,23
151,5367,30,108,6,23
152,5373,30,108,6,23
153,5378,30,108,6,23
154,5381,30,108,6,23
155,5387,30,108,6,23
156,5393,30,108,6,23
157,5399,31,108,6,23
158,5409,31,108,6,23
159,5414,31,108,6,23
160,5425,31,108,6,23
161,5428,31,108,6,23
162,5433,31,108,6,23
163,5445,31,108,6,23
164,5450,31,108,6,23
165,5453,31,108,6,23
166,5458,31,108,6,23
167,5462,31,108,6,23
168,5466,31,108,6,23
169,5469,31,108,6,23
170,5475,32,108,6,23
171,5482,32,108,6,23
172,5488,32,108,6,23
173,5491,32,108,6,23
174,5492,32,108,6,23
175,5496,32,108,6,23
176,5502,33,108,6,23
177,5505,33,108,6,23
178,5507,33,108,6,23
179,5510,33,108,6,23
180,5516,33,108,6,23
181,5523,33,108,6,23
182,5535,35,108,6,23
183,5538,35,108,6,23
184,5541,35,108,6,23
185,5548,35,108,6,23
186,5551,35,108,6,23
187,5559,36,108,6,23
188,5568,36,108,6,23
189,5574,36,108,6,23
190,5595,36,108,6,23
191,5609,37,108,6,23
192,5615,37,108,6,23
193,5622,37,108,6,23
194,5635,37,108,6,23
195,5639,37,108,6,23
196,5645,38,108,6,23
197,5655,38,108,6,23
198,5658,38,108,6,23
199,5661,38,108,6,23
200,5664,38,108,6,23
201,5667,38,108,6,23
202,5674,38,108,6,23
203,5678,38,108,6,23
204,5685,38,108,6,23
205,5688,38,108,6,23
206,5696,39,108,6,23
207,5699,39,108,6,23
208,5705,39,108,6,23
209,5707,39,108,6,23
210,5710,39,108,6,23
211,5722,40,108,6,23
212,5737,40,108,6,23
213,5741,40,108,6,23
214,5749,40,108,6,23
215,5756,40,108,6,23
216,5763,40,108,6,23
217,5771,40,108,6,23
218,5781,40,108,6,23
219,5792,40,108,6,23
220,5814,40,108,6,23
221,5817,40,108,6,23
222,5820,40,108,6,23
223,5823,40,108,6,23
224,5835,40,108,6,23
225,5839,40,108,6,23
226,5847,40,108,6,23
227,5854,40,108,6,23
228,5857,40,108,6,23
229,5858,40,108,6,23
230,5862,40,108,6,23
231,5866,40,108,6,23
232,5871,40,108,6,23
233,5876,40,108,6,23
234,5886,41,108,6,23
235,5892,42,108,6,23
236,5896,42,108,6,23
237,5904,42,108,6,23
238,5913,42,108,6,23
239,5918,42,108,6,23
240,5935,42,108,6,23
241,5942,42,108,6,23
242,5945,42,108,6,23
243,5954,42,108,6,23
244,5960,42,108,6,23
245,5964,42,108,6,23
246,5968,42,108,6,23
247,5971,42,108,6,23
248,5981,43,108,6,23
249,5982,43,108,6,23
250,5984,43,108,6,23
251,5984,43,108,6,23
252,5990,44,108,6,23
253,5991,44,108,6,23
254,5995,45,108,6,23
255,5997,45,108,6,23
256,5999,45,108,6,23
257,6007,45,108,6,23
258,6008,45,108,6,23
259,6010,45,108,6,23
260,6016,45,108,6,23
261,6023,45,108,6,23
262,6032,45,108,6,23
263,6038,45,108,6,23
264,6063,46,108,6,23
265,6070,46,108,6,23
266,6073,46,108,6,23
267,6088,46,108,6,23
268,6104,47,108,6,23
269,6113,47,108,6,23
270,6121,47,108,6,23
271,6125,47,108,6,23
272,6129,47,108,6,23
273,6134,47,108,6,23
274,6141,48,108,6,23
275,6147,48,108,6,23
276,6153,49,108,6,23
277,6162,49,108,6,23
278,6165,49,108,6,23
279,6168,49,108,6,23
280,6171,49,108,6,23
281,6178,49,108,6,23
282,6186,49,108,6,23
283,6194,49,108,6,23
284,6200,49,108,6,23
285,6207,49,108,6,23
286,6211,49,108,6,23
287,6219,49,108,6,23
288,6230,49,108,6,23
289,6240,49,108,6,23
290,6251,50,108,6,23
291,6260,50,108,6,23
292,6262,50,108,6,23
293,6269,50,108,6,23
294,6276,50,108,6,23
295,6281,51,108,6,23
296,6285,51,108,6,23
297,6293,52,108,6,23
298,6297,52,108,6,23
299,6320,53,108,6,23
300,6331,53,108,6,23
301,6350,53,108,6,23
302,6360,53,108,6,23
303,6364,53,108,6,23
304,6369,53,108,6,23
305,6379,53,108,6,23
306,6382,53,108,6,23
307,6389,53,108,6,23
308,6404,53,108,6,23
309,6411,53,108,6,23
310,6419,53,108,6,23
311,6422,53,108,6,23
312,6430,53,108,6,23
313,6439,53,108,6,23
314,6443,53,108,6,23
315,6446,53,108,6,23
316,6450,53,108,6,23
317,6453,53,108,6,23
318,6461,53,108,6,23
319,6466,53,108,6,23
320,6472,53,108,6,23
321,6483,53,108,6,23
322,6490,53,108,6,23
323,6494,53,108,6,23
324,6496,53,108,6,23
325,6498,53,108,6,23
326,6500,53,108,6,23
327,6505,53,108,6,23
328,6507,53,108,6,23
329,6509,53,108,6,23
330,6516,53,108,6,23
331,6530,53,108,6,23
332,6532,53,108,6,23
333,6536,53,108,6,23
334,6539,53,108,6,23
335,6542,53,108,6,23
336,6548,53,108,6,23
337,6549,53,108,6,23
338,6555,53,108,6,23
339,6565,54,108,6,23
340,6568,54,108,6,23
341,6574,54,108,6,23
342,6576,54,108,6,23
343,6581,54,108,6,23
344,6583,54,108,6,23
345,6585,54,108,6,23
346,6588,54,108,6,23
347,6592,54,108,6,23
348,6597,54,108,6,23
349,6601,54,108,6,23
350,6604,54,108,6,23
351,6608,55,108,6,23
352,6613,55,108,6,23
353,6616,55,108,6,23
354,6620,55,108,6,23
355,6625,55,108,6,23
356,6633,55,108,6,23
357,6636,55,108,6,23
358,6642,55,108,6,23
359,6648,55,108,6,23
360,6653,55,108,6,23
361,6654,55,108,6,23
362,6656,55,108,6,23
363,6658,55,108,6,23
364,6662,55,108,6,23
365,6665,55,108,6,23
366,6671,55,108,6,23
367,6673,55,108,6,23
368,6675,55,108,6,23
369,6677,55,108,6,23
370,6682,55,108,6,23
371,6684,55,108,6,23
372,6686,55,108,6,23
373,6690,55,108,6,23
374,6693,55,108,6,23
375,6697,55,108,6,23
376,6701,55,108,6,23
377,6705,55,108,6,23
378,6717,55,108,6,23
379,6721,55,108,6,23
380,6725,55,108,6,23
381,6736,55,108,6,23
382,6738,55,108,6,23
383,6739,55,108,6,23
384,6741,55,108,6,23
385,6743,55,108,6,23
386,6744,55,108,6,23
387,6744,55,108,6,23
388,6744,55,108,6,23
389,6746,55,108,6,23
390,6747,55,108,6,23
391,6747,55,108,6,23
392,6748,55,108,6,23
393,6750,55,108,6,23
394,6752,55,108,6,23
395,6754,55,108,6,23
396,6754,55,108,6,23
397,6758,55,108,6,23
398,6763,55,108,6,23
399,6771,55,108,6,23
400,6777,55,108,6,23
401,6787,56,108,6,23
402,6791,56,108,6,23
403,6793,56,108,6,23
404,6802,56,108,6,23
405,6809,56,108,6,23
406,6812,56,108,6,23
407,6817,56,108,6,23
408,6822,56,108,6,23
409,6825,57,108,6,23
410,6827,57,108,6,23
411,6829,57,108,6,23
412,6829,57,108,6,23
413,6829,57,108,6,23
414,6831,58,108,6,23
415,6831,58,108,6,23
416,6833,58,108,6,23
417,6834,58,108,6,23
418,6835,58,108,6,23
419,6836,58,108,6,23
420,6839,58,108,6,23
421,6842,58,108,6,23
422,6844,58,108,6,23
423,6850,58,108,6,23
424,6857,58,108,6,23
425,6858,58,108,6,23
426,6863,58,108,6,23
427,6868,58,108,6,23
428,6870,58,108,6,23
429,6873,59,108,6,23
430,6874,59,108,6,23
431,6875,59,108,6,23
432,6878,59,108,6,23
433,6880,59,108,6,23
434,6882,59,108,6,23
435,6884,59,108,6,23
436,6886,59,108,6,23
437,6888,59,108,6,23
438,6890,59,108,6,23
439,6900,59,108,6,23
440,6906,59,108,6,23
441,6913,59,108,6,23
442,6916,59,108,6,23
443,6923,59,108,6,23
444,6925,59,108,6,23
445,6929,59,108,6,23
446,6932,59,108,6,23
447,6934,59,108,6,23
448,6937,59,108,6,23
449,6949,59,108,6,23
450,6950,59,108,6,23
451,6952,59,108,6,23
452,6953,59,108,6,23
453,6954,59,108,6,23
454,6957,59,108,6,23
455,6959,59,108,6,23
456,6960,59,108,6,23
457,6960,59,108,6,23
458,6961,59,108,6,23
459,6962,59,108,6,23
460,6963,59,108,6,23
461,6964,59,108,6,23
462,6965,59,108,6,23
463,6970,59,108,6,23
464,6973,59,108,6,23
465,6976,60,108,6,23
466,6980,60,108,6,23
467,6983,60,108,6,23
468,6986,60,108,6,23
469,6992,60,108,6,23
470,6992,60,108,6,23
471,6992,60,108,6,23
472,6996,60,108,6,23
473,6999,60,108,6,23
474,7001,60,108,6,23
475,7006,60,108,6,23
476,7008,60,108,6,23
477,7012,60,108,6,23
478,7015,60,108,6,23
479,7020,60,108,6,23
480,7032,60,108,6,23
481,7033,60,108,6,23
482,7035,61,108,6,23
483,7037,61,108,6,23
484,7042,61,108,6,23
485,7046,61,108,6,23
486,7048,61,108,6,23
487,7053,61,108,6,23
488,7066,61,108,6,23
489,7074,61,108,6,23
490,7075,61,108,6,23
491,7076,61,108,6,23
492,7077,61,108,6,23
493,7080,61,108,6,23
494,7083,61,108,6,23
495,7085,61,108,6,23
496,7087,61,108,6,23
497,7090,61,108,6,23
498,7094,61,108,6,23
499,7102,61,108,6,23
0,7106,61,108,6,23
1,7109,1,108,6,23
2,7113,1,108,6,23
3,7124,1,108,6,23
4,7130,2,108,6,23
5,7140,2,108,6,23
6,7158,3,108,6,23
7,7163,3,108,6,23
8,7176,4,108,6,23
9,7180,4,108,6,23
10,7200,4,108,6,23
11,7232,5,108,6,23
12,7240,5,108,6,23
13,7250,6,108,6,23
14,7265,7,108,6,23
15,7284,8,108,6,23
16,7290,8,108,6,23
17,7307,9,108,6,23
18,7313,9,108,6,23
19,7320,9,108,6,23
20,7326,9,108,6,23
21,7334,9,108,6,23
22,7343,9,108,6,23
23,7359,9,108,6,23
24,7371,9,108,6,23
25,7393,9,108,6,23
26,7399,9,108,6,23
27,7408,9,108,6,23
28,7417,9,108,6,23
29,7443,9,108,6,23
30,7451,9,108,6,23
31,7459,9,108,6,23
32,7466,9,108,6,23
33,7479,9,108,6,23
34,7486,9,108,6,23
35,7501,9,108,6,23
36,7509,9,108,6,23
37,7535,10,108,6,23
38,7541,10,108,6,23
39,7547,10,108,6,23
40,7554,10,108,6,23
41,7568,10,108,6,23
42,7578,10,108,6,23
43,7594,11,108,6,23
44,7600,11,108,6,23
45,7620,11,108,6,23
46,7623,11,108,6,23
47,7630,11,108,6,23
48,7656,12,108,6,23
49,7661,12,108,6,23
50,7664,12,108,6,23
51,7671,12,108,6,23
52,7675,12,108,6,23
53,7679,12,108,6,23
54,7687,13,108,6,23
55,7690,13,108,6,23
56,7693,13,108,6,23
57,7697,13,108,6,23
58,7704,13,108,6,23
59,7717,13,108,6,23
60,7729,14,108,6,23
61,7737,14,108,6,23
62,7758,14,108,6,23
63,7764,14,108,6,23
64,7782,14,108,6,23
65,7789,14,108,6,23
66,7802,15,108,6,23
67,7808,15,108,6,23
68,7813,15,108,6,23
69,7836,16,108,6,23
70,7844,16,108,6,23
71,7848,16,108,6,23
72,7856,17,108,6,23
73,7859,17,108,6,23
74,7866,17,108,6,23
75,7869,17,108,6,23
76,7872,17,108,6,23
77,7878,17,108,6,23
78,7883,17,108,6,23
79,7891,18,108,6,23
80,7895,18,108,6,23
81,7898,18,108,6,23
82,7902,18,108,6,23
83,7909,18,108,6,23
84,7913,18,108,6,23
85,7917,18,108,6,23
86,7925,18,108,6,23
87,7932,18,108,6,23
88,7934,18,108,6,23
89,7937,18,108,6,23
90,7940,18,108,6,23
91,7947,19,108,6,23
92,7953,19,108,6,23
93,7962,19,108,6,23
94,7967,20,108,6,23
95,7972,20,108,6,23
96,7980,20,108,6,23
97,7990,20,108,6,23
98,7996,20,108,6,23
99,8008,21,108,6,23
100,8015,21,108,6,23
101,8032,22,108,6,23
102,8042,22,108,6,23
103,8051,23,108,6,23
104,8059,23,108,6,23
105,8067,23,108,6,23
106,8094,23,108,6,23
107,8110,25,108,6,23
108,8114,25,108,6,23
109,8122,25,108,6,23
110,8128,25,108,6,23
111,8132,26,108,6,23
112,8138,26,108,6,23
113,8144,26,108,6,23
114,8161,26,108,6,23
115,8172,26,108,6,23
116,8185,27,108,6,23
117,8195,27,108,6,23
118,8202,27,108,6,23
119,8214,28,108,6,23
120,8219,28,108,6,23
121,8223,28,108,6,23
122,8227,28,108,6,23
123,8231,28,108,6,23
124,8237,28,108,6,23
125,8243,28,108,6,23
126,8246,28,108,6,23
127,8249,28,108,6,23
128,8255,28,108,6,23
129,8259,28,108,6,23
130,8267,29,108,6,23
131,8271,29,108,6,23
132,8273,29,108,6,23
133,8284,29,108,6,23
134,8305,29,108,6,23
135,8310,30,108,6,23
136,8315,30,108,6,23
137,8327,31,108,6,23
138,8331,31,108,6,23
139,8335,31,108,6,23
140,8337,31,108,6,23
141,8339,31,108,6,23
142,8346,32,108,6,23
143,8351,32,108,6,23
144,8355,32,108,6,23
145,8358,32,108,6,23
146,8361,32,108,6,23
147,8369,32,108,6,23
148,8372,32,108,6,23
149,8374,32,108,6,23
150,8378,32,108,6,23
151,8381,32,108,6,23
152,8390,32,108,6,23
153,8409,32,108,6,23
154,8423,33,108,6,23
155,8428,33,108,6,23
156,8438,34,108,6,23
157,8444,34,108,6,23
158,8446,34,108,6,23
159,8454,34,108,6,23
160,8458,34,108,6,23
161,8461,34,108,6,23
162,8465,34,108,6,23
163,8473,34,108,6,23
164,8477,34,108,6,23
165,8482,35,108,6,23
166,8487,35,108,6,23
167,8498,35,108,6,23
168,8503,35,108,6,23
169,8521,35,108,6,23
170,8536,35,108,6,23
171,8541,35,108,6,23
172,8545,35,108,6,23
173,8549,35,108,6,23
174,8551,36,108,6,23
175,8555,36,108,6,23
176,8557,36,108,6,23
177,8560,36,108,6,23
178,8562,36,108,6,23
179,8569,36,108,6,23
180,8572,36,108,6,23
181,8578,36,108,6,23
182,8592,36,108,6,23
183,8596,36,108,6,23
184,8605,36,108,6,23
185,8618,36,108,6,23
186,8625,36,108,6,23
187,8628,36,108,6,23
188,8636,36,108,6,23
189,8638,36,108,6,23
190,8640,36,108,6,23
191,8645,36,108,6,23
192,8649,36,108,6,23
193,8652,36,108,6,23
194,8655,36,108,6,23
195,8659,36,108,6,23
196,8668,37,108,6,23
197,8675,37,108,6,23
198,8686,39,108,6,23
199,8688,39,108,6,23
200,8689,39,108,6,23
201,8690,39,108,6,23
202,8698,39,108,6,23
203,8701,39,108,6,23
204,8713,39,108,6,23
205,8720,39,108,6,23
206,8728,39,108,6,23
207,8732,39,108,6,23
208,8753,40,108,6,23
209,8760,40,108,6,23
210,8763,40,108,6,23
211,8769,41,108,6,23
212,8776,41,108,6,23
213,8783,41,108,6,23
214,8789,41,108,6,23
215,8792,41,108,6,23
216,8798,41,108,6,23
217,8803,41,108,6,23
218,8808,42,108,6,23
219,8813,42,108,6,23
220,8827,42,108,6,23
221,8831,42,108,6,23
222,8843,42,108,6,23
223,8844,42,108,6,23
224,8849,42,108,6,23
225,8860,42,108,6,23
226,8867,42,108,6,23
227,8876,42,108,6,23
228,8879,42,108,6,23
229,8882,42,108,6,23
230,8887,42,108,6,23
231,8891,42,108,6,23
232,8895,42,108,6,23
233,8898,42,108,6,23
234,8902,42,108,6,23
235,8903,42,108,6,23
236,8905,42,108,6,23
237,8910,42,108,6,23
238,8910,42,108,6,23
239,8910,42,108,6,23
240,8913,42,108,6,23
241,8913,42,108,6,23
242,8914,42,108,6,23
243,8915,42,108,6,23
244,8917,42,108,6,23
245,8920,42,108,6,23
246,8924,42,108,6,23
247,8928,42,108,6,23
248,8940,42,108,6,23
249,8944,42,108,6,23
250,8947,42,108,6,23
251,8957,43,108,6,23
252,8961,43,108,6,23
253,8964,43,108,6,23
254,8969,43,108,6,23
255,8977,43,108,6,23
256,8985,43,108,6,23
257,8992,43,108,6,23
258,8994,43,108,6,23
259,8996,43,108,6,23
260,9003,43,108,6,23
261,9010,43,108,6,23
262,9013,43,108,6,23
263,9020,43,108,6,23
264,9029,43,108,6,23
265,9034,43,108,6,23
266,9038,43,108,6,23
267,9049,43,108,6,23
268,9051,43,108,6,23
269,9053,43,108,6,23
270,9057,44,108,6,23
271,9061,44,108,6,23
272,9064,44,108,6,23
273,9072,44,108,6,23
274,9085,44,108,6,23
275,9092,44,108,6,23
276,9102,45,108,6,23
277,9105,45,108,6,23
278,9108,45,108,6,23
279,9116,46,108,6,23
280,9123,46,108,6,23
281,9127,46,108,6,23
282,9151,48,108,6,23
283,9158,49,108,6,23
284,9160,49,108,6,23
285,9162,49,108,6,23
286,9166,49,108,6,23
287,9172,49,108,6,23
288,9185,49,108,6,23
289,9194,49,108,6,23
290,9202,49,108,6,23
291,9208,49,108,6,23
292,9209,49,108,6,23
293,9210,49,108,6,23
294,9210,49,108,6,23
295,9213,49,108,6,23
296,9217,50,108,6,23
297,9220,50,108,6,23
298,9222,50,108,6,23
299,9226,51,108,6,23
300,9229,51,108,6,23
301,9231,51,108,6,23
302,9236,51,108,6,23
303,9238,51,108,6,23
304,9240,51,108,6,23
305,9241,51,108,6,23
306,9242,51,108,6,23
307,9243,51,108,6,23
308,9244,51,108,6,23
309,9246,51,108,6,23
310,9247,51,108,6,23
311,9250,51,108,6,23
312,9252,51,108,6,23
313,9256,51,108,6,23
314,9258,51,108,6,23
315,9261,51,108,6,23
316,9270,52,108,6,23
317,9275,52,108,6,23
318,9279,52,108,6,23
319,9291,53,108,6,23
320,9297,53,108,6,23
321,9299,53,108,6,23
322,9303,53,108,6,23
323,9305,53,108,6,23
324,9307,53,108,6,23
325,9307,53,108,6,23
326,9307,53,108,6,23
327,9310,53,108,6,23
328,9313,53,108,6,23
329,9318,53,108,6,23
330,9321,53,108,6,23
331,9331,53,108,6,23
332,9334,53,108,6,23
333,9340,53,108,6,23
334,9345,53,108,6,23
335,9346,53,108,6,23
336,9347,53,108,6,23
337,9349,53,108,6,23
338,9352,53,108,6,23
339,9354,53,108,6,23
340,9359,53,108,6,23
341,9365,54,108,6,23
342,9373,54,108,6,23
343,9376,54,108,6,23
344,9382,54,108,6,23
345,9388,54,108,6,23
346,9392,54,108,6,23
347,9394,54,108,6,23
348,9396,55,108,6,23
349,9398,55,108,6,23
350,9398,55,108,6,23
351,9399,55,108,6,23
352,9401,55,108,6,23
353,9403,55,108,6,23
354,9405,55,108,6,23
355,9408,56,108,6,23
356,9409,56,108,6,23
357,9411,56,108,6,23
358,9416,56,108,6,23
359,9421,56,108,6,23
360,9424,56,108,6,23
361,9426,56,108,6,23
362,9432,56,108,6,23
363,9438,57,108,6,23
364,9441,57,108,6,23
365,9444,57,108,6,23
366,9449,57,108,6,23
367,9451,57,108,6,23
368,9453,57,108,6,23
369,9454,57,108,6,23
370,9455,57,108,6,23
371,9458,57,108,6,23
372,9462,57,108,6,23
373,9466,57,108,6,23
374,9468,58,108,6,23
375,9469,58,108,6,23
376,9473,59,108,6,23
377,9473,59,108,6,23
378,9473,59,108,6,23
379,9473,59,108,6,23
380,9473,59,108,6,23
381,9476,59,108,6,23
382,9479,59,108,6,23
383,9482,59,108,6,23
384,9485,59,108,6,23
385,9493,59,108,6,23
386,9496,59,108,6,23
387,9499,59,108,6,23
388,9505,60,108,6,23
389,9508,60,108,6,23
390,9510,60,108,6,23
391,9513,60,108,6,23
392,9517,60,108,6,23
393,9518,60,108,6,23
394,9521,61,108,6,23
395,9521,61,108,6,23
396,9524,62,108,6,23
397,9526,62,108,6,23
398,9529,62,108,6,23
399,9532,62,108,6,23
400,9535,62,108,6,23
401,9541,62,108,6,23
402,9546,62,108,6,23
403,9547,62,108,6,23
404,9549,62,108,6,23
405,9552,62,108,6,23
406,9558,63,108,6,23
407,9561,63,108,6,23
408,9565,63,108,6,23
409,9566,63,108,6,23
410,9568,64,108,6,23
411,9568,64,108,6,23
412,9569,64,108,6,23
413,9570,64,108,6,23
414,9571,64,108,6,23
415,9572,64,108,6,23
416,9572,64,108,6,23
417,9572,64,108,6,23
418,9574,64,108,6,23
419,9579,64,108,6,23
420,9584,65,108,6,23
421,9585,65,108,6,23
422,9591,66,108,6,23
423,9596,66,108,6,23
424,9598,66,108,6,23
425,9601,66,108,6,23
426,9608,66,108,6,23
427,9615,66,108,6,23
428,9621,66,108,6,23
429,9624,66,108,6,23
430,9627,66,108,6,23
431,9633,66,108,6,23
432,9638,66,108,6,23
433,9641,67,108,6,23
434,9641,67,108,6,23
435,9642,68,108,6,23
436,9643,68,108,6,23
437,9645,68,108,6,23
438,9647,68,108,6,23
439,9649,68,108,6,23
440,9652,68,108,6,23
441,9653,68,108,6,23
442,9656,68,108,6,23
443,9659,68,108,6,23
444,9661,68,108,6,23
445,9667,68,108,6,23
446,9668,68,108,6,23
447,9668,68,108,6,23
448,9670,69,108,6,23
449,9672,69,108,6,23
450,9678,69,108,6,23
451,9680,69,108,6,23
452,9684,69,108,6,23
453,9688,69,108,6,23
454,9690,69,108,6,23
455,9692,69,108,6,23
456,9696,69,108,6,23
457,9699,69,108,6,23
458,9704,69,108,6,23
459,9707,69,108,6,23
460,9710,70,108,6,23
461,9712,70,108,6,23
462,9715,70,108,6,23
463,9718,71,108,6,23
464,9726,73,108,6,23
465,9727,73,108,6,23
466,9729,73,108,6,23
467,9731,73,108,6,23
468,9733,73,108,6,23
469,9744,73,108,6,23
470,9753,73,108,6,23
471,9758,73,108,6,23
472,9764,73,108,6,23
473,9767,73,108,6,23
474,9769,73,108,6,23
475,9772,73,108,6,23
476,9774,73,108,6,23
477,9776,73,108,6,23
478,9780,73,108,6,23
479,9782,73,108,6,23
480,9784,73,108,6,23
481,9787,73,108,6,23
482,9788,73,108,6,23
483,9790,73,108,6,23
484,9791,73,108,6,23
485,9793,73,108,6,23
486,9795,73,108,6,23
487,9798,73,108,6,23
488,9803,73,108,6,23
489,9806,73,108,6,23
490,9811,74,108,6,23
491,9813,74,108,6,23
492,9817,74,108,6,23
493,9818,74,108,6,23
494,9818,74,108,6,23
495,9819,74,108,6,23
496,9822,74,108,6,23
497,9825,74,108,6,23
498,9827,74,108,6,23
499,9831,74,108,6,23
