update,prey_seen,prey_consumed,predator_vision,predator_vision_height,predator_vision_width
0,0,0,0,0,0
1,1,0,9,1,9
2,2,1,9,1,9
3,3,2,9,1,9
4,3,3,9,1,9
5,4,3,9,1,9
6,4,3,9,1,9
7,4,3,9,1,9
8,5,3,9,1,9
9,6,4,9,1,9
10,7,5,9,1,9
11,8,5,9,1,9
12,9,6,9,1,9
13,9,6,9,1,9
14,9,6,9,1,9
15,9,6,9,1,9
16,10,7,9,1,9
17,10,7,9,1,9
18,10,7,9,1,9
19,10,7,9,1,9
20,11,7,9,1,9
21,11,7,9,1,9
22,11,7,9,1,9
23,11,7,9,1,9
24,11,7,9,1,9
25,14,8,9,1,9
26,15,8,9,1,9
27,15,8,9,1,9
28,16,8,9,1,9
29,17,9,9,1,9
30,17,9,9,1,9
31,18,9,9,1,9
32,18,9,9,1,9
33,20,9,9,1,9
34,21,9,9,1,9
35,22,10,9,1,9
36,22,10,9,1,9
37,22,10,9,1,9
38,22,10,9,1,9
39,23,10,9,1,9
40,24,10,9,1,9
41,24,10,9,1,9
42,25,11,9,1,9
43,25,11,9,1,9
44,25,11,9,1,9
45,26,11,9,1,9
46,26,11,9,1,9
47,26,11,9,1,9
48,26,11,9,1,9
49,26,11,9,1,9
50,26,11,9,1,9
51,26,11,9,1,9
52,26,11,9,1,9
53,27,11,9,1,9
54,28,11,9,1,9
55,29,11,9,1,9
56,29,11,9,1,9
57,29,11,9,1,9
58,29,11,9,1,9
59,30,11,9,1,9
60,31,12,9,1,9
61,33,12,9,1,9
62,33,12,9,1,9
63,34,12,9,1,9
64,35,12,9,1,9
65,36,12,9,1,9
66,37,12,9,1,9
67,39,12,9,1,9
68,42,12,9,1,9
69,43,13,9,1,9
70,45,13,9,1,9
71,48,13,9,1,9
72,48,13,9,1,9
73,48,13,9,1,9
74,48,14,9,1,9
75,48,14,9,1,9
76,48,14,9,1,9
77,48,14,9,1,9
78,49,14,9,1,9
79,50,15,9,1,9
80,50,15,9,1,9
81,50,15,9,1,9
82,50,15,9,1,9
83,50,15,9,1,9
84,51,15,9,1,9
85,51,15,9,1,9
86,52,15,9,1,9
87,53,16,9,1,9
88,53,16,9,1,9
89,54,16,9,1,9
90,55,17,9,1,9
91,55,17,9,1,9
92,55,17,9,1,9
93,56,17,9,1,9
94,56,17,9,1,9
95,56,17,9,1,9
96,56,17,9,1,9
97,56,17,9,1,9
98,56,17,9,1,9
99,57,17,9,1,9
100,57,17,9,1,9
101,57,17,9,1,9
102,57,17,9,1,9
103,57,17,9,1,9
104,58,18,9,1,9
105,58,18,9,1,9
106,59,18,9,1,9
107,61,19,9,1,9
108,61,19,9,1,9
109,61,19,9,1,9
110,61,19,9,1,9
111,61,19,9,1,9
112,61,19,9,1,9
113,63,19,9,1,9
114,64,19,9,1,9
115,65,19,9,1,9
116,68,20,9,1,9
117,68,20,9,1,9
118,70,21,9,1,9
119,70,21,9,1,9
120,70,21,9,1,9
121,71,22,9,1,9
122,72,22,9,1,9
123,73,23,9,1,9
124,74,23,9,1,9
125,74,23,9,1,9
126,74,23,9,1,9
127,75,24,9,1,9
128,76,24,9,1,9
129,76,24,9,1,9
130,76,24,9,1,9
131,76,24,9,1,9
132,76,24,9,1,9
133,77,25,9,1,9
134,78,25,9,1,9
135,78,25,9,1,9
136,78,25,9,1,9
137,80,26,9,1,9
138,80,26,9,1,9
139,80,26,9,1,9
140,80,26,9,1,9
141,82,27,9,1,9
142,82,27,9,1,9
143,82,27,9,1,9
144,82,27,9,1,9
145,82,27,9,1,9
146,82,27,9,1,9
147,84,28,9,1,9
148,84,28,9,1,9
149,86,28,9,1,9
150,89,29,9,1,9
151,91,30,9,1,9
152,92,31,9,1,9
153,92,31,9,1,9
154,92,31,9,1,9
155,92,31,9,1,9
156,95,32,9,1,9
157,96,32,9,1,9
158,97,33,9,1,9
159,97,33,9,1,9
160,97,33,9,1,9
161,97,33,9,1,9
162,98,33,9,1,9
163,98,34,9,1,9
164,98,34,9,1,9
165,98,34,9,1,9
166,99,34,9,1,9
167,99,34,9,1,9
168,99,34,9,1,9
169,101,35,9,1,9
170,103,36,9,1,9
171,104,36,9,1,9
172,104,36,9,1,9
173,104,36,9,1,9
174,106,36,9,1,9
175,106,37,9,1,9
176,106,37,9,1,9
177,106,37,9,1,9
178,106,37,9,1,9
179,106,37,9,1,9
180,106,37,9,1,9
181,106,37,9,1,9
182,107,37,9,1,9
183,108,37,9,1,9
184,109,37,9,1,9
185,109,37,9,1,9
186,109,38,9,1,9
187,109,38,9,1,9
188,109,38,9,1,9
189,109,38,9,1,9
190,109,38,9,1,9
191,110,38,9,1,9
192,111,39,9,1,9
193,111,39,9,1,9
194,113,40,9,1,9
195,114,40,9,1,9
196,114,40,9,1,9
197,114,40,9,1,9
198,115,40,9,1,9
199,115,40,9,1,9
200,115,40,9,1,9
201,115,40,9,1,9
202,115,40,9,1,9
203,115,40,9,1,9
204,115,40,9,1,9
205,115,40,9,1,9
206,115,40,9,1,9
207,115,40,9,1,9
208,115,40,9,1,9
209,115,40,9,1,9
210,115,40,9,1,9
211,115,40,9,1,9
212,116,40,9,1,9
213,116,41,9,1,9
214,116,41,9,1,9
215,117,41,9,1,9
216,117,41,9,1,9
217,117,41,9,1,9
218,117,41,9,1,9
219,118,41,9,1,9
220,118,41,9,1,9
221,118,41,9,1,9
222,118,41,9,1,9
223,118,41,9,1,9
224,118,41,9,1,9
225,119,41,9,1,9
226,119,42,9,1,9
227,119,42,9,1,9
228,119,42,9,1,9
229,119,42,9,1,9
230,119,42,9,1,9
231,119,42,9,1,9
232,119,42,9,1,9
233,119,42,9,1,9
234,119,42,9,1,9
235,119,42,9,1,9
236,119,42,9,1,9
237,119,42,9,1,9
238,119,42,9,1,9
239,119,42,9,1,9
240,120,42,9,1,9
241,121,42,9,1,9
242,121,42,9,1,9
243,121,42,9,1,9
244,121,42,9,1,9
245,121,42,9,1,9
246,121,42,9,1,9
247,121,42,9,1,9
248,122,42,9,1,9
249,122,42,9,1,9
250,122,42,9,1,9
251,122,42,9,1,9
252,122,42,9,1,9
253,122,42,9,1,9
254,122,42,9,1,9
255,122,42,9,1,9
256,122,42,9,1,9
257,122,42,9,1,9
258,122,42,9,1,9
259,122,42,9,1,9
260,122,42,9,1,9
261,122,42,9,1,9
262,123,43,9,1,9
263,123,43,9,1,9
264,124,43,9,1,9
265,126,44,9,1,9
266,127,45,9,1,9
267,127,45,9,1,9
268,127,45,9,1,9
269,128,45,9,1,9
270,128,45,9,1,9
271,128,45,9,1,9
272,130,46,9,1,9
273,130,46,9,1,9
274,130,46,9,1,9
275,130,46,9,1,9
276,130,46,9,1,9
277,130,46,9,1,9
278,130,46,9,1,9
279,130,46,9,1,9
280,130,46,9,1,9
281,131,46,9,1,9
282,131,46,9,1,9
283,132,46,9,1,9
284,132,46,9,1,9
285,132,46,9,1,9
286,132,46,9,1,9
287,132,46,9,1,9
288,132,46,9,1,9
289,133,46,9,1,9
290,135,47,9,1,9
291,135,47,9,1,9
292,136,48,9,1,9
293,136,48,9,1,9
294,136,48,9,1,9
295,137,48,9,1,9
296,137,48,9,1,9
297,137,48,9,1,9
298,137,48,9,1,9
299,138,48,9,1,9
300,139,48,9,1,9
301,140,48,9,1,9
302,141,48,9,1,9
303,141,48,9,1,9
304,141,48,9,1,9
305,142,48,9,1,9
306,143,48,9,1,9
307,144,49,9,1,9
308,144,49,9,1,9
309,144,49,9,1,9
310,144,49,9,1,9
311,144,49,9,1,9
312,145,49,9,1,9
313,145,49,9,1,9
314,145,49,9,1,9
315,145,49,9,1,9
316,145,49,9,1,9
317,145,49,9,1,9
318,145,49,9,1,9
319,145,49,9,1,9
320,145,49,9,1,9
321,145,49,9,1,9
322,146,49,9,1,9
323,147,50,9,1,9
324,148,50,9,1,9
325,149,51,9,1,9
326,149,51,9,1,9
327,149,51,9,1,9
328,149,51,9,1,9
329,149,51,9,1,9
330,150,52,9,1,9
331,150,52,9,1,9
332,150,52,9,1,9
333,150,52,9,1,9
334,150,52,9,1,9
335,150,52,9,1,9
336,150,52,9,1,9
337,150,52,9,1,9
338,150,52,9,1,9
339,150,52,9,1,9
340,151,53,9,1,9
341,152,53,9,1,9
342,152,53,9,1,9
343,152,53,9,1,9
344,153,53,9,1,9
345,154,53,9,1,9
346,155,53,9,1,9
347,157,53,9,1,9
348,158,53,9,1,9
349,158,53,9,1,9
350,158,54,9,1,9
351,158,54,9,1,9
352,158,54,9,1,9
353,158,54,9,1,9
354,158,54,9,1,9
355,158,54,9,1,9
356,158,54,9,1,9
357,159,55,9,1,9
358,160,56,9,1,9
359,161,56,9,1,9
360,162,56,9,1,9
361,162,56,9,1,9
362,162,56,9,1,9
363,162,56,9,1,9
364,163,56,9,1,9
365,164,57,9,1,9
366,164,57,9,1,9
367,164,57,9,1,9
368,164,57,9,1,9
369,164,57,9,1,9
370,164,57,9,1,9
371,164,57,9,1,9
372,164,57,9,1,9
373,164,57,9,1,9
374,164,57,9,1,9
375,164,57,9,1,9
376,164,57,9,1,9
377,164,57,9,1,9
378,165,57,9,1,9
379,165,57,9,1,9
380,165,57,9,1,9
381,165,57,9,1,9
382,165,57,9,1,9
383,165,57,9,1,9
384,165,57,9,1,9
385,165,57,9,1,9
386,165,57,9,1,9
387,165,57,9,1,9
388,166,58,9,1,9
389,166,58,9,1,9
390,166,58,9,1,9
391,166,58,9,1,9
392,166,58,9,1,9
393,166,58,9,1,9
394,166,58,9,1,9
395,166,58,9,1,9
396,166,58,9,1,9
397,166,58,9,1,9
398,166,58,9,1,9
399,166,58,9,1,9
400,166,58,9,1,9
401,167,58,9,1,9
402,168,58,9,1,9
403,169,59,9,1,9
404,169,59,9,1,9
405,169,59,9,1,9
406,169,59,9,1,9
407,169,59,9,1,9
408,169,59,9,1,9
409,169,59,9,1,9
410,169,59,9,1,9
411,169,59,9,1,9
412,169,59,9,1,9
413,169,59,9,1,9
414,169,59,9,1,9
415,169,59,9,1,9
416,169,60,9,1,9
417,169,60,9,1,9
418,169,60,9,1,9
419,169,60,9,1,9
420,169,60,9,1,9
421,169,61,9,1,9
422,169,61,9,1,9
423,169,61,9,1,9
424,170,61,9,1,9
425,171,61,9,1,9
426,171,61,9,1,9
427,171,61,9,1,9
428,171,61,9,1,9
429,171,61,9,1,9
430,171,61,9,1,9
431,171,61,9,1,9
432,171,61,9,1,9
433,172,62,9,1,9
434,173,62,9,1,9
435,173,62,9,1,9
436,173,62,9,1,9
437,173,62,9,1,9
438,173,62,9,1,9
439,173,62,9,1,9
440,173,62,9,1,9
441,173,62,9,1,9
442,174,63,9,1,9
443,174,63,9,1,9
444,174,63,9,1,9
445,175,63,9,1,9
446,175,63,9,1,9
447,176,63,9,1,9
448,176,63,9,1,9
449,176,63,9,1,9
450,176,63,9,1,9
451,176,63,9,1,9
452,176,63,9,1,9
453,176,63,9,1,9
454,176,63,9,1,9
455,176,63,9,1,9
456,176,63,9,1,9
457,176,63,9,1,9
458,176,63,9,1,9
459,176,63,9,1,9
460,176,63,9,1,9
461,176,63,9,1,9
462,176,63,9,1,9
463,178,63,9,1,9
464,178,64,9,1,9
465,178,64,9,1,9
466,178,64,9,1,9
467,179,64,9,1,9
468,180,64,9,1,9
469,181,65,9,1,9
470,181,65,9,1,9
471,181,65,9,1,9
472,181,65,9,1,9
473,181,65,9,1,9
474,182,65,9,1,9
475,182,65,9,1,9
476,182,65,9,1,9
477,182,65,9,1,9
478,182,65,9,1,9
479,182,65,9,1,9
480,182,65,9,1,9
481,182,65,9,1,9
482,182,65,9,1,9
483,182,65,9,1,9
484,182,65,9,1,9
485,183,66,9,1,9
486,183,66,9,1,9
487,183,66,9,1,9
488,183,66,9,1,9
489,183,66,9,1,9
490,183,66,9,1,9
491,184,67,9,1,9
492,184,67,9,1,9
493,184,67,9,1,9
494,184,67,9,1,9
495,184,67,9,1,9
496,184,67,9,1,9
497,184,67,9,1,9
498,184,67,9,1,9
499,184,67,9,1,9
0,186,67,9,1,9
1,190,1,48,6,13
2,194,1,48,6,13
3,197,1,48,6,13
4,204,1,48,6,13
5,205,1,48,6,13
6,205,1,48,6,13
7,206,1,48,6,13
8,209,1,48,6,13
9,213,1,48,6,13
10,217,1,48,6,13
11,221,1,48,6,13
12,228,2,48,6,13
13,233,2,48,6,13
14,236,3,48,6,13
15,238,3,48,6,13
16,241,3,48,6,13
17,244,4,48,6,13
18,246,4,48,6,13
19,248,4,48,6,13
20,253,4,48,6,13
21,255,4,48,6,13
22,261,5,48,6,13
23,266,5,48,6,13
24,271,5,48,6,13
25,273,5,48,6,13
26,277,5,48,6,13
27,280,5,48,6,13
28,282,5,48,6,13
29,287,6,48,6,13
30,292,6,48,6,13
31,301,7,48,6,13
32,308,7,48,6,13
33,321,9,48,6,13
34,324,9,48,6,13
35,326,9,48,6,13
36,327,9,48,6,13
37,329,9,48,6,13
38,334,9,48,6,13
39,338,9,48,6,13
40,340,9,48,6,13
41,342,9,48,6,13
42,350,9,48,6,13
43,353,9,48,6,13
44,356,9,48,6,13
45,360,9,48,6,13
46,368,10,48,6,13
47,370,10,48,6,13
48,374,11,48,6,13
49,383,11,48,6,13
50,389,12,48,6,13
51,398,12,48,6,13
52,402,13,48,6,13
53,405,13,48,6,13
54,408,14,48,6,13
55,410,14,48,6,13
56,411,14,48,6,13
57,416,14,48,6,13
58,418,15,48,6,13
59,420,15,48,6,13
60,424,15,48,6,13
61,426,15,48,6,13
62,427,15,48,6,13
63,430,15,48,6,13
64,435,15,48,6,13
65,439,15,48,6,13
66,444,16,48,6,13
67,450,16,48,6,13
68,461,18,48,6,13
69,468,18,48,6,13
70,470,18,48,6,13
71,472,18,48,6,13
72,475,19,48,6,13
73,476,19,48,6,13
74,477,19,48,6,13
75,478,19,48,6,13
76,482,19,48,6,13
77,484,19,48,6,13
78,488,19,48,6,13
79,493,19,48,6,13
80,496,19,48,6,13
81,502,20,48,6,13
82,506,20,48,6,13
83,507,20,48,6,13
84,510,20,48,6,13
85,512,20,48,6,13
86,522,22,48,6,13
87,524,22,48,6,13
88,526,22,48,6,13
89,527,22,48,6,13
90,528,22,48,6,13
91,529,22,48,6,13
92,529,22,48,6,13
93,532,22,48,6,13
94,535,22,48,6,13
95,535,22,48,6,13
96,536,22,48,6,13
97,537,22,48,6,13
98,539,23,48,6,13
99,540,24,48,6,13
100,540,24,48,6,13
101,540,24,48,6,13
102,540,24,48,6,13
103,541,25,48,6,13
104,544,25,48,6,13
105,548,26,48,6,13
106,550,26,48,6,13
107,553,26,48,6,13
108,566,27,48,6,13
109,574,27,48,6,13
110,579,27,48,6,13
111,581,27,48,6,13
112,584,27,48,6,13
113,592,27,48,6,13
114,595,28,48,6,13
115,604,28,48,6,13
116,610,28,48,6,13
117,612,28,48,6,13
118,615,29,48,6,13
119,617,29,48,6,13
120,617,29,48,6,13
121,617,29,48,6,13
122,619,29,48,6,13
123,620,29,48,6,13
124,622,29,48,6,13
125,623,29,48,6,13
126,625,29,48,6,13
127,628,30,48,6,13
128,630,30,48,6,13
129,631,30,48,6,13
130,637,30,48,6,13
131,640,30,48,6,13
132,643,30,48,6,13
133,653,30,48,6,13
134,656,31,48,6,13
135,659,31,48,6,13
136,666,31,48,6,13
137,672,31,48,6,13
138,674,31,48,6,13
139,675,31,48,6,13
140,680,31,48,6,13
141,681,32,48,6,13
142,681,32,48,6,13
143,683,32,48,6,13
144,686,32,48,6,13
145,697,32,48,6,13
146,700,32,48,6,13
147,701,32,48,6,13
148,703,33,48,6,13
149,703,33,48,6,13
150,705,34,48,6,13
151,705,34,48,6,13
152,709,34,48,6,13
153,711,34,48,6,13
154,715,34,48,6,13
155,717,34,48,6,13
156,719,34,48,6,13
157,725,34,48,6,13
158,729,34,48,6,13
159,734,34,48,6,13
160,736,34,48,6,13
161,739,34,48,6,13
162,741,34,48,6,13
163,743,34,48,6,13
164,744,34,48,6,13
165,745,34,48,6,13
166,746,34,48,6,13
167,747,34,48,6,13
168,752,34,48,6,13
169,753,34,48,6,13
170,755,34,48,6,13
171,755,34,48,6,13
172,755,34,48,6,13
173,755,34,48,6,13
174,755,34,48,6,13
175,756,34,48,6,13
176,757,34,48,6,13
177,758,34,48,6,13
178,766,34,48,6,13
179,771,35,48,6,13
180,772,35,48,6,13
181,775,35,48,6,13
182,777,35,48,6,13
183,783,36,48,6,13
184,784,37,48,6,13
185,785,37,48,6,13
186,785,37,48,6,13
187,786,37,48,6,13
188,788,37,48,6,13
189,790,37,48,6,13
190,791,38,48,6,13
191,791,38,48,6,13
192,792,38,48,6,13
193,795,39,48,6,13
194,801,39,48,6,13
195,806,39,48,6,13
196,810,39,48,6,13
197,814,39,48,6,13
198,816,39,48,6,13
199,821,39,48,6,13
200,827,40,48,6,13
201,829,40,48,6,13
202,830,41,48,6,13
203,830,41,48,6,13
204,830,41,48,6,13
205,831,41,48,6,13
206,831,41,48,6,13
207,835,42,48,6,13
208,836,43,48,6,13
209,836,43,48,6,13
210,838,43,48,6,13
211,839,43,48,6,13
212,839,43,48,6,13
213,839,43,48,6,13
214,840,43,48,6,13
215,841,43,48,6,13
216,847,43,48,6,13
217,848,43,48,6,13
218,848,43,48,6,13
219,849,43,48,6,13
220,850,43,48,6,13
221,850,43,48,6,13
222,851,43,48,6,13
223,853,43,48,6,13
224,855,43,48,6,13
225,861,43,48,6,13
226,863,43,48,6,13
227,865,43,48,6,13
228,868,43,48,6,13
229,869,43,48,6,13
230,870,43,48,6,13
231,871,43,48,6,13
232,872,43,48,6,13
233,872,43,48,6,13
234,873,43,48,6,13
235,875,43,48,6,13
236,877,43,48,6,13
237,880,43,48,6,13
238,883,43,48,6,13
239,884,43,48,6,13
240,887,44,48,6,13
241,888,44,48,6,13
242,888,44,48,6,13
243,888,44,48,6,13
244,889,44,48,6,13
245,891,44,48,6,13
246,893,44,48,6,13
247,902,45,48,6,13
248,904,45,48,6,13
249,910,46,48,6,13
250,914,46,48,6,13
251,919,46,48,6,13
252,922,46,48,6,13
253,928,47,48,6,13
254,929,47,48,6,13
255,931,47,48,6,13
256,937,47,48,6,13
257,939,48,48,6,13
258,939,48,48,6,13
259,939,48,48,6,13
260,939,48,48,6,13
261,942,49,48,6,13
262,943,49,48,6,13
263,946,50,48,6,13
264,951,50,48,6,13
265,955,50,48,6,13
266,960,51,48,6,13
267,965,52,48,6,13
268,969,52,48,6,13
269,973,52,48,6,13
270,975,53,48,6,13
271,975,53,48,6,13
272,975,53,48,6,13
273,975,53,48,6,13
274,976,53,48,6,13
275,979,54,48,6,13
276,980,54,48,6,13
277,981,55,48,6,13
278,981,55,48,6,13
279,981,55,48,6,13
280,983,55,48,6,13
281,984,55,48,6,13
282,985,55,48,6,13
283,987,55,48,6,13
284,988,55,48,6,13
285,989,55,48,6,13
286,990,55,48,6,13
287,991,56,48,6,13
288,991,56,48,6,13
289,994,57,48,6,13
290,997,57,48,6,13
291,997,57,48,6,13
292,997,57,48,6,13
293,997,57,48,6,13
294,997,57,48,6,13
295,998,57,48,6,13
296,1001,58,48,6,13
297,1002,58,48,6,13
298,1006,58,48,6,13
299,1015,58,48,6,13
300,1019,58,48,6,13
301,1019,58,48,6,13
302,1023,60,48,6,13
303,1024,60,48,6,13
304,1027,60,48,6,13
305,1029,60,48,6,13
306,1032,60,48,6,13
307,1036,60,48,6,13
308,1038,60,48,6,13
309,1039,60,48,6,13
310,1039,60,48,6,13
311,1039,60,48,6,13
312,1039,60,48,6,13
313,1039,60,48,6,13
314,1039,60,48,6,13
315,1040,60,48,6,13
316,1042,60,48,6,13
317,1046,60,48,6,13
318,1048,60,48,6,13
319,1048,60,48,6,13
320,1048,60,48,6,13
321,1051,61,48,6,13
322,1051,61,48,6,13
323,1052,61,48,6,13
324,1053,61,48,6,13
325,1055,61,48,6,13
326,1059,61,48,6,13
327,1061,61,48,6,13
328,1063,61,48,6,13
329,1064,61,48,6,13
330,1064,61,48,6,13
331,1066,61,48,6,13
332,1067,61,48,6,13
333,1068,61,48,6,13
334,1068,61,48,6,13
335,1070,61,48,6,13
336,1070,61,48,6,13
337,1070,61,48,6,13
338,1070,61,48,6,13
339,1071,61,48,6,13
340,1075,61,48,6,13
341,1079,62,48,6,13
342,1080,62,48,6,13
343,1081,62,48,6,13
344,1084,62,48,6,13
345,1085,62,48,6,13
346,1085,62,48,6,13
347,1086,62,48,6,13
348,1087,62,48,6,13
349,1087,62,48,6,13
350,1088,62,48,6,13
351,1088,62,48,6,13
352,1089,62,48,6,13
353,1089,62,48,6,13
354,1092,62,48,6,13
355,1093,62,48,6,13
356,1094,62,48,6,13
357,1099,62,48,6,13
358,1103,62,48,6,13
359,1104,63,48,6,13
360,1104,63,48,6,13
361,1104,63,48,6,13
362,1106,63,48,6,13
363,1107,63,48,6,13
364,1109,63,48,6,13
365,1112,63,48,6,13
366,1112,63,48,6,13
367,1112,63,48,6,13
368,1112,63,48,6,13
369,1113,63,48,6,13
370,1115,63,48,6,13
371,1115,63,48,6,13
372,1116,64,48,6,13
373,1116,64,48,6,13
374,1116,64,48,6,13
375,1116,64,48,6,13
376,1116,64,48,6,13
377,1117,64,48,6,13
378,1117,64,48,6,13
379,1118,64,48,6,13
380,1118,64,48,6,13
381,1120,64,48,6,13
382,1124,64,48,6,13
383,1130,64,48,6,13
384,1136,65,48,6,13
385,1138,65,48,6,13
386,1139,65,48,6,13
387,1140,65,48,6,13
388,1141,65,48,6,13
389,1143,65,48,6,13
390,1144,65,48,6,13
391,1145,65,48,6,13
392,1148,65,48,6,13
393,1155,66,48,6,13
394,1159,66,48,6,13
395,1160,66,48,6,13
396,1162,66,48,6,13
397,1163,66,48,6,13
398,1163,66,48,6,13
399,1163,66,48,6,13
400,1163,66,48,6,13
401,1163,66,48,6,13
402,1163,66,48,6,13
403,1163,66,48,6,13
404,1163,66,48,6,13
405,1164,66,48,6,13
406,1167,67,48,6,13
407,1172,68,48,6,13
408,1174,68,48,6,13
409,1174,68,48,6,13
410,1175,69,48,6,13
411,1176,69,48,6,13
412,1176,69,48,6,13
413,1176,69,48,6,13
414,1176,69,48,6,13
415,1176,69,48,6,13
416,1176,69,48,6,13
417,1176,69,48,6,13
418,1177,70,48,6,13
419,1178,70,48,6,13
420,1179,71,48,6,13
421,1179,71,48,6,13
422,1179,71,48,6,13
423,1179,71,48,6,13
424,1179,71,48,6,13
425,1179,71,48,6,13
426,1179,71,48,6,13
427,1179,71,48,6,13
428,1179,71,48,6,13
429,1179,71,48,6,13
430,1180,71,48,6,13
431,1183,72,48,6,13
432,1183,72,48,6,13
433,1185,72,48,6,13
434,1187,73,48,6,13
435,1189,73,48,6,13
436,1190,73,48,6,13
437,1193,73,48,6,13
438,1195,73,48,6,13
439,1196,73,48,6,13
440,1201,73,48,6,13
441,1203,74,48,6,13
442,1203,74,48,6,13
443,1203,74,48,6,13
444,1204,74,48,6,13
445,1206,74,48,6,13
446,1207,75,48,6,13
447,1207,75,48,6,13
448,1207,75,48,6,13
449,1207,75,48,6,13
450,1207,75,48,6,13
451,1207,75,48,6,13
452,1207,75,48,6,13
453,1207,75,48,6,13
454,1207,75,48,6,13
455,1207,75,48,6,13
456,1207,75,48,6,13
457,1207,75,48,6,13
458,1207,75,48,6,13
459,1207,75,48,6,13
460,1207,75,48,6,13
461,1207,75,48,6,13
462,1207,75,48,6,13
463,1207,75,48,6,13
464,1207,75,48,6,13
465,1207,75,48,6,13
466,1207,75,48,6,13
467,1207,75,48,6,13
468,1207,75,48,6,13
469,1207,75,48,6,13
470,1208,76,48,6,13
471,1210,76,48,6,13
472,1211,77,48,6,13
473,1211,77,48,6,13
474,1211,77,48,6,13
475,1211,77,48,6,13
476,1211,77,48,6,13
477,1211,77,48,6,13
478,1211,77,48,6,13
479,1212,77,48,6,13
480,1212,77,48,6,13
481,1212,77,48,6,13
482,1212,77,48,6,13
483,1212,77,48,6,13
484,1212,77,48,6,13
485,1212,77,48,6,13
486,1212,77,48,6,13
487,1212,77,48,6,13
488,1212,77,48,6,13
489,1212,77,48,6,13
490,1212,77,48,6,13
491,1212,77,48,6,13
492,1212,77,48,6,13
493,1212,77,48,6,13
494,1212,77,48,6,13
495,1212,77,48,6,13
496,1212,77,48,6,13
497,1213,77,48,6,13
498,1214,77,48,6,13
499,1217,77,48,6,13
0,1217,77,48,6,13
1,1218,77,10,4,5
2,1219,77,10,4,5
3,1220,1,10,4,5
4,1221,2,10,4,5
5,1221,2,10,4,5
6,1221,2,10,4,5
7,1224,3,10,4,5
8,1224,3,10,4,5
9,1225,4,10,4,5
10,1226,5,10,4,5
11,1226,5,10,4,5
12,1226,5,10,4,5
13,1226,5,10,4,5
14,1227,6,10,4,5
15,1228,6,10,4,5
16,1229,7,10,4,5
17,1229,7,10,4,5
18,1230,8,10,4,5
19,1230,8,10,4,5
20,1230,8,10,4,5
21,1231,8,10,4,5
22,1233,8,10,4,5
23,1234,8,10,4,5
24,1234,8,10,4,5
25,1234,8,10,4,5
26,1234,8,10,4,5
27,1234,8,10,4,5
28,1234,8,10,4,5
29,1234,8,10,4,5
30,1234,8,10,4,5
31,1236,9,10,4,5
32,1237,9,10,4,5
33,1238,9,10,4,5
34,1239,10,10,4,5
35,1240,11,10,4,5
36,1240,11,10,4,5
37,1240,11,10,4,5
38,1240,11,10,4,5
39,1241,12,10,4,5
40,1241,12,10,4,5
41,1241,12,10,4,5
42,1242,12,10,4,5
43,1242,12,10,4,5
44,1242,12,10,4,5
45,1243,12,10,4,5
46,1243,12,10,4,5
47,1245,12,10,4,5
48,1247,12,10,4,5
49,1248,12,10,4,5
50,1250,12,10,4,5
51,1250,12,10,4,5
52,1250,12,10,4,5
53,1251,12,10,4,5
54,1252,13,10,4,5
55,1252,13,10,4,5
56,1252,13,10,4,5
57,1252,13,10,4,5
58,1252,13,10,4,5
59,1253,14,10,4,5
60,1253,14,10,4,5
61,1254,15,10,4,5
62,1256,16,10,4,5
63,1257,16,10,4,5
64,1257,16,10,4,5
65,1258,16,10,4,5
66,1258,16,10,4,5
67,1259,16,10,4,5
68,1259,16,10,4,5
69,1259,16,10,4,5
70,1259,16,10,4,5
71,1260,17,10,4,5
72,1260,17,10,4,5
73,1261,17,10,4,5
74,1261,17,10,4,5
75,1261,17,10,4,5
76,1261,17,10,4,5
77,1261,17,10,4,5
78,1261,17,10,4,5
79,1261,17,10,4,5
80,1263,18,10,4,5
81,1264,18,10,4,5
82,1265,19,10,4,5
83,1268,20,10,4,5
84,1268,20,10,4,5
85,1268,20,10,4,5
86,1268,20,10,4,5
87,1268,20,10,4,5
88,1269,21,10,4,5
89,1271,22,10,4,5
90,1271,22,10,4,5
91,1271,22,10,4,5
92,1271,22,10,4,5
93,1271,22,10,4,5
94,1271,22,10,4,5
95,1271,22,10,4,5
96,1272,22,10,4,5
97,1273,23,10,4,5
98,1274,23,10,4,5
99,1274,23,10,4,5
100,1274,23,10,4,5
101,1275,23,10,4,5
102,1275,23,10,4,5
103,1275,23,10,4,5
104,1275,23,10,4,5
105,1275,23,10,4,5
106,1275,23,10,4,5
107,1279,25,10,4,5
108,1279,25,10,4,5
109,1279,25,10,4,5
110,1281,25,10,4,5
111,1283,26,10,4,5
112,1283,26,10,4,5
113,1283,26,10,4,5
114,1285,27,10,4,5
115,1285,27,10,4,5
116,1285,27,10,4,5
117,1286,27,10,4,5
118,1287,28,10,4,5
119,1287,28,10,4,5
120,1288,28,10,4,5
121,1290,28,10,4,5
122,1291,28,10,4,5
123,1292,28,10,4,5
124,1293,28,10,4,5
125,1293,28,10,4,5
126,1293,28,10,4,5
127,1293,28,10,4,5
128,1294,28,10,4,5
129,1295,28,10,4,5
130,1296,28,10,4,5
131,1299,29,10,4,5
132,1300,30,10,4,5
133,1300,30,10,4,5
134,1301,31,10,4,5
135,1301,31,10,4,5
136,1301,31,10,4,5
137,1301,31,10,4,5
138,1301,31,10,4,5
139,1301,31,10,4,5
140,1301,31,10,4,5
141,1301,31,10,4,5
142,1301,31,10,4,5
143,1301,31,10,4,5
144,1301,31,10,4,5
145,1303,31,10,4,5
146,1304,32,10,4,5
147,1304,32,10,4,5
148,1306,32,10,4,5
149,1307,33,10,4,5
150,1309,33,10,4,5
151,1309,33,10,4,5
152,1309,33,10,4,5
153,1309,33,10,4,5
154,1310,33,10,4,5
155,1310,33,10,4,5
156,1310,33,10,4,5
157,1311,34,10,4,5
158,1311,34,10,4,5
159,1311,34,10,4,5
160,1311,34,10,4,5
161,1311,34,10,4,5
162,1311,34,10,4,5
163,1312,35,10,4,5
164,1312,35,10,4,5
165,1313,35,10,4,5
166,1313,35,10,4,5
167,1313,35,10,4,5
168,1313,35,10,4,5
169,1313,35,10,4,5
170,1315,36,10,4,5
171,1315,36,10,4,5
172,1315,36,10,4,5
173,1315,36,10,4,5
174,1316,37,10,4,5
175,1318,37,10,4,5
176,1318,37,10,4,5
177,1318,37,10,4,5
178,1318,37,10,4,5
179,1318,37,10,4,5
180,1318,37,10,4,5
181,1318,37,10,4,5
182,1318,37,10,4,5
183,1318,37,10,4,5
184,1318,37,10,4,5
185,1318,37,10,4,5
186,1319,38,10,4,5
187,1319,38,10,4,5
188,1319,38,10,4,5
189,1319,38,10,4,5
190,1319,38,10,4,5
191,1320,39,10,4,5
192,1320,39,10,4,5
193,1320,39,10,4,5
194,1320,39,10,4,5
195,1320,39,10,4,5
196,1320,39,10,4,5
197,1320,39,10,4,5
198,1320,39,10,4,5
199,1321,39,10,4,5
200,1321,39,10,4,5
201,1322,39,10,4,5
202,1322,39,10,4,5
203,1323,39,10,4,5
204,1323,39,10,4,5
205,1323,39,10,4,5
206,1323,39,10,4,5
207,1323,39,10,4,5
208,1323,39,10,4,5
209,1323,39,10,4,5
210,1323,39,10,4,5
211,1323,39,10,4,5
212,1323,39,10,4,5
213,1323,39,10,4,5
214,1325,40,10,4,5
215,1325,40,10,4,5
216,1325,40,10,4,5
217,1326,40,10,4,5
218,1326,40,10,4,5
219,1326,40,10,4,5
220,1326,40,10,4,5
221,1326,40,10,4,5
222,1326,40,10,4,5
223,1328,41,10,4,5
224,1328,41,10,4,5
225,1328,41,10,4,5
226,1328,41,10,4,5
227,1328,41,10,4,5
228,1329,42,10,4,5
229,1329,42,10,4,5
230,1329,42,10,4,5
231,1329,42,10,4,5
232,1330,42,10,4,5
233,1332,43,10,4,5
234,1332,43,10,4,5
235,1332,43,10,4,5
236,1333,43,10,4,5
237,1333,43,10,4,5
238,1335,43,10,4,5
239,1335,43,10,4,5
240,1335,43,10,4,5
241,1335,43,10,4,5
242,1335,43,10,4,5
243,1335,43,10,4,5
244,1335,43,10,4,5
245,1335,43,10,4,5
246,1336,44,10,4,5
247,1336,44,10,4,5
248,1336,44,10,4,5
249,1336,44,10,4,5
250,1336,44,10,4,5
251,1336,44,10,4,5
252,1336,44,10,4,5
253,1336,44,10,4,5
254,1336,44,10,4,5
255,1336,44,10,4,5
256,1336,44,10,4,5
257,1337,44,10,4,5
258,1337,44,10,4,5
259,1337,44,10,4,5
260,1337,44,10,4,5
261,1337,44,10,4,5
262,1337,44,10,4,5
263,1337,44,10,4,5
264,1339,44,10,4,5
265,1339,44,10,4,5
266,1339,44,10,4,5
267,1339,44,10,4,5
268,1339,44,10,4,5
269,1339,44,10,4,5
270,1340,44,10,4,5
271,1341,44,10,4,5
272,1341,44,10,4,5
273,1341,44,10,4,5
274,1341,44,10,4,5
275,1341,44,10,4,5
276,1341,44,10,4,5
277,1341,44,10,4,5
278,1341,44,10,4,5
279,1341,44,10,4,5
280,1341,44,10,4,5
281,1341,44,10,4,5
282,1341,44,10,4,5
283,1341,44,10,4,5
284,1342,44,10,4,5
285,1342,44,10,4,5
286,1342,44,10,4,5
287,1342,44,10,4,5
288,1343,45,10,4,5
289,1343,45,10,4,5
290,1343,45,10,4,5
291,1343,45,10,4,5
292,1344,46,10,4,5
293,1344,46,10,4,5
294,1344,46,10,4,5
295,1344,46,10,4,5
296,1344,46,10,4,5
297,1344,46,10,4,5
298,1344,46,10,4,5
299,1344,46,10,4,5
300,1344,46,10,4,5
301,1344,46,10,4,5
302,1344,46,10,4,5
303,1344,46,10,4,5
304,1344,46,10,4,5
305,1344,46,10,4,5
306,1344,46,10,4,5
307,1344,46,10,4,5
308,1344,46,10,4,5
309,1344,46,10,4,5
310,1344,46,10,4,5
311,1344,46,10,4,5
312,1344,46,10,4,5
313,1344,46,10,4,5
314,1344,46,10,4,5
315,1344,46,10,4,5
316,1344,46,10,4,5
317,1344,46,10,4,5
318,1346,46,10,4,5
319,1346,46,10,4,5
320,1346,46,10,4,5
321,1346,46,10,4,5
322,1346,46,10,4,5
323,1346,46,10,4,5
324,1346,46,10,4,5
325,1347,46,10,4,5
326,1349,48,10,4,5
327,1350,49,10,4,5
328,1350,49,10,4,5
329,1350,49,10,4,5
330,1350,49,10,4,5
331,1350,49,10,4,5
332,1350,49,10,4,5
333,1351,49,10,4,5
334,1352,50,10,4,5
335,1352,50,10,4,5
336,1353,51,10,4,5
337,1353,51,10,4,5
338,1353,51,10,4,5
339,1354,51,10,4,5
340,1355,52,10,4,5
341,1355,52,10,4,5
342,1355,52,10,4,5
343,1355,52,10,4,5
344,1356,52,10,4,5
345,1357,52,10,4,5
346,1357,52,10,4,5
347,1359,53,10,4,5
348,1359,53,10,4,5
349,1359,53,10,4,5
350,1359,53,10,4,5
351,1359,53,10,4,5
352,1360,54,10,4,5
353,1360,54,10,4,5
354,1360,54,10,4,5
355,1360,54,10,4,5
356,1360,54,10,4,5
357,1360,54,10,4,5
358,1360,54,10,4,5
359,1360,54,10,4,5
360,1360,54,10,4,5
361,1360,54,10,4,5
362,1360,54,10,4,5
363,1361,54,10,4,5
364,1361,54,10,4,5
365,1362,54,10,4,5
366,1363,54,10,4,5
367,1364,55,10,4,5
368,1364,55,10,4,5
369,1364,55,10,4,5
370,1364,55,10,4,5
371,1364,55,10,4,5
372,1364,55,10,4,5
373,1364,55,10,4,5
374,1364,55,10,4,5
375,1364,55,10,4,5
376,1364,55,10,4,5
377,1364,55,10,4,5
378,1364,55,10,4,5
379,1364,55,10,4,5
380,1364,55,10,4,5
381,1364,55,10,4,5
382,1364,55,10,4,5
383,1364,55,10,4,5
384,1364,55,10,4,5
385,1364,55,10,4,5
386,1365,56,10,4,5
387,1365,56,10,4,5
388,1365,56,10,4,5
389,1365,56,10,4,5
390,1365,56,10,4,5
391,1366,56,10,4,5
392,1368,56,10,4,5
393,1370,57,10,4,5
394,1370,57,10,4,5
395,1371,57,10,4,5
396,1371,57,10,4,5
397,1371,57,10,4,5
398,1371,57,10,4,5
399,1371,57,10,4,5
400,1371,57,10,4,5
401,1371,57,10,4,5
402,1371,57,10,4,5
403,1371,57,10,4,5
404,1371,57,10,4,5
405,1371,57,10,4,5
406,1372,57,10,4,5
407,1372,57,10,4,5
408,1374,58,10,4,5
409,1374,58,10,4,5
410,1374,58,10,4,5
411,1374,58,10,4,5
412,1374,58,10,4,5
413,1374,58,10,4,5
414,1374,58,10,4,5
415,1374,58,10,4,5
416,1374,58,10,4,5
417,1374,58,10,4,5
418,1374,58,10,4,5
419,1374,58,10,4,5
420,1374,58,10,4,5
421,1376,59,10,4,5
422,1376,59,10,4,5
423,1377,60,10,4,5
424,1377,60,10,4,5
425,1377,60,10,4,5
426,1377,60,10,4,5
427,1377,60,10,4,5
428,1377,60,10,4,5
429,1377,60,10,4,5
430,1377,60,10,4,5
431,1377,60,10,4,5
432,1377,60,10,4,5
433,1377,60,10,4,5
434,1377,60,10,4,5
435,1377,60,10,4,5
436,1378,60,10,4,5
437,1378,60,10,4,5
438,1379,60,10,4,5
439,1379,60,10,4,5
440,1379,60,10,4,5
441,1379,60,10,4,5
442,1379,60,10,4,5
443,1379,60,10,4,5
444,1379,60,10,4,5
445,1379,60,10,4,5
446,1379,60,10,4,5
447,1379,60,10,4,5
448,1379,60,10,4,5
449,1379,60,10,4,5
450,1379,60,10,4,5
451,1379,60,10,4,5
452,1379,60,10,4,5
453,1380,61,10,4,5
454,1380,61,10,4,5
455,1380,61,10,4,5
456,1380,61,10,4,5
457,1380,61,10,4,5
458,1380,61,10,4,5
459,1380,61,10,4,5
460,1380,61,10,4,5
461,1380,61,10,4,5
462,1380,61,10,4,5
463,1380,61,10,4,5
464,1381,61,10,4,5
465,1383,62,10,4,5
466,1383,62,10,4,5
467,1383,62,10,4,5
468,1383,62,10,4,5
469,1383,62,10,4,5
470,1383,62,10,4,5
471,1383,62,10,4,5
472,1383,62,10,4,5
473,1383,62,10,4,5
474,1383,62,10,4,5
475,1383,62,10,4,5
476,1383,62,10,4,5
477,1383,62,10,4,5
478,1384,62,10,4,5
479,1384,62,10,4,5
480,1384,62,10,4,5
481,1384,62,10,4,5
482,1384,62,10,4,5
483,1384,62,10,4,5
484,1384,62,10,4,5
485,1384,62,10,4,5
486,1384,62,10,4,5
487,1384,62,10,4,5
488,1384,62,10,4,5
489,1384,62,10,4,5
490,1384,62,10,4,5
491,1384,62,10,4,5
492,1384,62,10,4,5
493,1384,62,10,4,5
494,1384,62,10,4,5
495,1384,62,10,4,5
496,1384,62,10,4,5
497,1384,62,10,4,5
498,1385,63,10,4,5
499,1385,63,10,4,5
0,1385,63,10,4,5
1,1388,63,119,7,23
2,1393,63,119,7,23
3,1400,63,119,7,23
4,1421,2,119,7,23
5,1425,3,119,7,23
6,1427,3,119,7,23
7,1433,3,119,7,23
8,1436,3,119,7,23
9,1440,3,119,7,23
10,1454,4,119,7,23
11,1459,4,119,7,23
12,1464,4,119,7,23
13,1467,4,119,7,23
14,1470,4,119,7,23
15,1475,5,119,7,23
16,1478,5,119,7,23
17,1481,5,119,7,23
18,1483,5,119,7,23
19,1485,5,119,7,23
20,1496,6,119,7,23
21,1503,6,119,7,23
22,1508,7,119,7,23
23,1509,7,119,7,23
24,1513,7,119,7,23
25,1515,7,119,7,23
26,1517,7,119,7,23
27,1522,7,119,7,23
28,1526,7,119,7,23
29,1535,7,119,7,23
30,1541,7,119,7,23
31,1546,7,119,7,23
32,1564,7,119,7,23
33,1570,7,119,7,23
34,1575,7,119,7,23
35,1580,7,119,7,23
36,1599,7,119,7,23
37,1604,7,119,7,23
38,1609,8,119,7,23
39,1624,9,119,7,23
40,1633,10,119,7,23
41,1643,10,119,7,23
42,1647,10,119,7,23
43,1652,10,119,7,23
44,1659,10,119,7,23
45,1673,10,119,7,23
46,1687,10,119,7,23
47,1711,10,119,7,23
48,1725,10,119,7,23
49,1731,10,119,7,23
50,1747,11,119,7,23
51,1762,11,119,7,23
52,1770,12,119,7,23
53,1790,12,119,7,23
54,1833,13,119,7,23
55,1843,13,119,7,23
56,1852,13,119,7,23
57,1859,13,119,7,23
58,1864,13,119,7,23
59,1886,14,119,7,23
60,1900,15,119,7,23
61,1906,15,119,7,23
62,1911,15,119,7,23
63,1926,15,119,7,23
64,1936,15,119,7,23
65,1942,15,119,7,23
66,1962,16,119,7,23
67,1973,17,119,7,23
68,1990,17,119,7,23
69,2001,18,119,7,23
70,2006,18,119,7,23
71,2012,18,119,7,23
72,2020,18,119,7,23
73,2031,18,119,7,23
74,2038,18,119,7,23
75,2051,18,119,7,23
76,2072,19,119,7,23
77,2084,19,119,7,23
78,2109,20,119,7,23
79,2122,20,119,7,23
80,2126,20,119,7,23
81,2132,21,119,7,23
82,2135,21,119,7,23
83,2143,21,119,7,23
84,2147,21,119,7,23
85,2154,21,119,7,23
86,2163,21,119,7,23
87,2175,21,119,7,23
88,2184,22,119,7,23
89,2206,23,119,7,23
90,2218,23,119,7,23
91,2230,24,119,7,23
92,2233,24,119,7,23
93,2238,25,119,7,23
94,2246,25,119,7,23
95,2254,25,119,7,23
96,2262,25,119,7,23
97,2268,25,119,7,23
98,2287,27,119,7,23
99,2295,27,119,7,23
100,2303,27,119,7,23
101,2306,27,119,7,23
102,2310,27,119,7,23
103,2318,27,119,7,23
104,2324,27,119,7,23
105,2334,27,119,7,23
106,2339,27,119,7,23
107,2343,27,119,7,23
108,2354,28,119,7,23
109,2359,28,119,7,23
110,2366,28,119,7,23
111,2375,28,119,7,23
112,2384,28,119,7,23
113,2399,29,119,7,23
114,2404,29,119,7,23
115,2416,30,119,7,23
116,2432,30,119,7,23
117,2441,30,119,7,23
118,2458,30,119,7,23
119,2465,30,119,7,23
120,2487,31,119,7,23
121,2499,31,119,7,23
122,2503,31,119,7,23
123,2507,31,119,7,23
124,2517,31,119,7,23
125,2521,31,119,7,23
126,2525,31,119,7,23
127,2533,31,119,7,23
128,2543,31,119,7,23
129,2549,31,119,7,23
130,2556,31,119,7,23
131,2574,31,119,7,23
132,2580,31,119,7,23
133,2599,32,119,7,23
134,2605,32,119,7,23
135,2613,32,119,7,23
136,2626,32,119,7,23
137,2632,32,119,7,23
138,2645,33,119,7,23
139,2650,33,119,7,23
140,2662,33,119,7,23
141,2679,33,119,7,23
142,2686,33,119,7,23
143,2695,33,119,7,23
144,2699,33,119,7,23
145,2703,33,119,7,23
146,2713,33,119,7,23
147,2722,33,119,7,23
148,2732,33,119,7,23
149,2743,33,119,7,23
150,2754,33,119,7,23
151,2757,33,119,7,23
152,2761,34,119,7,23
153,2770,34,119,7,23
154,2774,35,119,7,23
155,2778,35,119,7,23
156,2786,35,119,7,23
157,2798,36,119,7,23
158,2803,36,119,7,23
159,2825,36,119,7,23
160,2832,36,119,7,23
161,2841,37,119,7,23
162,2852,38,119,7,23
163,2854,38,119,7,23
164,2861,38,119,7,23
165,2865,38,119,7,23
166,2876,38,119,7,23
167,2879,38,119,7,23
168,2883,38,119,7,23
169,2893,39,119,7,23
170,2902,40,119,7,23
171,2910,40,119,7,23
172,2913,40,119,7,23
173,2915,40,119,7,23
174,2925,41,119,7,23
175,2933,41,119,7,23
176,2940,41,119,7,23
177,2949,41,119,7,23
178,2952,41,119,7,23
179,2958,41,119,7,23
180,2960,41,119,7,23
181,2966,41,119,7,23
182,2977,41,119,7,23
183,2993,41,119,7,23
184,2996,41,119,7,23
185,3008,42,119,7,23
186,3013,42,119,7,23
187,3015,42,119,7,23
188,3018,42,119,7,23
189,3022,42,119,7,23
190,3039,42,119,7,23
191,3044,42,119,7,23
192,3055,42,119,7,23
193,3061,42,119,7,23
194,3066,42,119,7,23
195,3070,42,119,7,23
196,3075,42,119,7,23
197,3080,42,119,7,23
198,3085,42,119,7,23
199,3092,42,119,7,23
200,3103,42,119,7,23
201,3116,42,119,7,23
202,3127,43,119,7,23
203,3132,43,119,7,23
204,3143,43,119,7,23
205,3146,43,119,7,23
206,3149,43,119,7,23
207,3151,43,119,7,23
208,3159,44,119,7,23
209,3161,44,119,7,23
210,3164,44,119,7,23
211,3166,44,119,7,23
212,3167,44,119,7,23
213,3168,44,119,7,23
214,3170,44,119,7,23
215,3175,44,119,7,23
216,3181,44,119,7,23
217,3185,44,119,7,23
218,3187,44,119,7,23
219,3190,44,119,7,23
220,3196,45,119,7,23
221,3199,45,119,7,23
222,3203,45,119,7,23
223,3205,45,119,7,23
224,3210,45,119,7,23
225,3212,45,119,7,23
226,3214,45,119,7,23
227,3217,45,119,7,23
228,3223,45,119,7,23
229,3227,45,119,7,23
230,3231,45,119,7,23
231,3240,45,119,7,23
232,3247,45,119,7,23
233,3255,46,119,7,23
234,3257,46,119,7,23
235,3263,46,119,7,23
236,3264,46,119,7,23
237,3267,46,119,7,23
238,3269,46,119,7,23
239,3278,46,119,7,23
240,3290,46,119,7,23
241,3295,46,119,7,23
242,3310,47,119,7,23
243,3319,47,119,7,23
244,3327,47,119,7,23
245,3330,47,119,7,23
246,3335,47,119,7,23
247,3336,47,119,7,23
248,3338,47,119,7,23
249,3345,47,119,7,23
250,3348,47,119,7,23
251,3350,47,119,7,23
252,3352,47,119,7,23
253,3354,47,119,7,23
254,3356,47,119,7,23
255,3356,47,119,7,23
256,3357,47,119,7,23
257,3357,47,119,7,23
258,3363,47,119,7,23
259,3366,47,119,7,23
260,3374,47,119,7,23
261,3376,47,119,7,23
262,3377,47,119,7,23
263,3381,47,119,7,23
264,3386,48,119,7,23
265,3388,48,119,7,23
266,3390,48,119,7,23
267,3393,48,119,7,23
268,3398,48,119,7,23
269,3413,49,119,7,23
270,3417,49,119,7,23
271,3421,49,119,7,23
272,3428,50,119,7,23
273,3430,50,119,7,23
274,3430,50,119,7,23
275,3432,50,119,7,23
276,3433,50,119,7,23
277,3436,50,119,7,23
278,3439,50,119,7,23
279,3442,51,119,7,23
280,3444,51,119,7,23
281,3447,51,119,7,23
282,3450,51,119,7,23
283,3458,51,119,7,23
284,3467,51,119,7,23
285,3468,51,119,7,23
286,3470,51,119,7,23
287,3475,51,119,7,23
288,3478,52,119,7,23
289,3481,52,119,7,23
290,3483,52,119,7,23
291,3486,53,119,7,23
292,3488,53,119,7,23
293,3489,53,119,7,23
294,3490,53,119,7,23
295,3492,53,119,7,23
296,3493,53,119,7,23
297,3495,53,119,7,23
298,3496,53,119,7,23
299,3496,53,119,7,23
300,3498,54,119,7,23
301,3500,54,119,7,23
302,3502,54,119,7,23
303,3504,54,119,7,23
304,3504,54,119,7,23
305,3504,54,119,7,23
306,3506,54,119,7,23
307,3512,54,119,7,23
308,3517,54,119,7,23
309,3521,54,119,7,23
310,3523,54,119,7,23
311,3527,55,119,7,23
312,3529,55,119,7,23
313,3533,55,119,7,23
314,3537,55,119,7,23
315,3543,55,119,7,23
316,3546,55,119,7,23
317,3550,55,119,7,23
318,3551,55,119,7,23
319,3552,55,119,7,23
320,3558,55,119,7,23
321,3564,55,119,7,23
322,3568,55,119,7,23
323,3584,55,119,7,23
324,3588,55,119,7,23
325,3593,56,119,7,23
326,3595,56,119,7,23
327,3599,57,119,7,23
328,3601,57,119,7,23
329,3603,57,119,7,23
330,3605,58,119,7,23
331,3607,59,119,7,23
332,3607,59,119,7,23
333,3607,59,119,7,23
334,3607,59,119,7,23
335,3608,59,119,7,23
336,3611,59,119,7,23
337,3616,59,119,7,23
338,3621,60,119,7,23
339,3626,60,119,7,23
340,3630,60,119,7,23
341,3633,60,119,7,23
342,3638,60,119,7,23
343,3641,60,119,7,23
344,3650,60,119,7,23
345,3652,60,119,7,23
346,3657,60,119,7,23
347,3659,60,119,7,23
348,3661,61,119,7,23
349,3661,61,119,7,23
350,3661,61,119,7,23
351,3662,61,119,7,23
352,3663,61,119,7,23
353,3665,61,119,7,23
354,3666,61,119,7,23
355,3668,61,119,7,23
356,3673,61,119,7,23
357,3676,61,119,7,23
358,3679,61,119,7,23
359,3683,61,119,7,23
360,3684,61,119,7,23
361,3684,61,119,7,23
362,3685,61,119,7,23
363,3685,61,119,7,23
364,3686,61,119,7,23
365,3688,61,119,7,23
366,3689,61,119,7,23
367,3693,61,119,7,23
368,3696,61,119,7,23
369,3698,61,119,7,23
370,3704,61,119,7,23
371,3706,61,119,7,23
372,3709,61,119,7,23
373,3715,61,119,7,23
374,3723,61,119,7,23
375,3727,61,119,7,23
376,3729,61,119,7,23
377,3732,61,119,7,23
378,3737,61,119,7,23
379,3738,61,119,7,23
380,3742,61,119,7,23
381,3744,61,119,7,23
382,3745,61,119,7,23
383,3748,61,119,7,23
384,3751,61,119,7,23
385,3753,61,119,7,23
386,3755,61,119,7,23
387,3758,61,119,7,23
388,3765,61,119,7,23
389,3768,61,119,7,23
390,3779,61,119,7,23
391,3785,62,119,7,23
392,3793,62,119,7,23
393,3796,62,119,7,23
394,3798,62,119,7,23
395,3802,62,119,7,23
396,3803,62,119,7,23
397,3806,62,119,7,23
398,3808,62,119,7,23
399,3810,62,119,7,23
400,3814,62,119,7,23
401,3821,62,119,7,23
402,3824,62,119,7,23
403,3827,62,119,7,23
404,3834,63,119,7,23
405,3849,64,119,7,23
406,3852,64,119,7,23
407,3853,64,119,7,23
408,3854,64,119,7,23
409,3860,64,119,7,23
410,3863,64,119,7,23
411,3870,65,119,7,23
412,3874,66,119,7,23
413,3875,66,119,7,23
414,3875,66,119,7,23
415,3876,66,119,7,23
416,3877,66,119,7,23
417,3878,66,119,7,23
418,3879,66,119,7,23
419,3882,66,119,7,23
420,3884,66,119,7,23
421,3896,67,119,7,23
422,3903,67,119,7,23
423,3910,67,119,7,23
424,3918,67,119,7,23
425,3927,67,119,7,23
426,3931,67,119,7,23
427,3937,67,119,7,23
428,3940,67,119,7,23
429,3944,67,119,7,23
430,3949,67,119,7,23
431,3951,67,119,7,23
432,3953,67,119,7,23
433,3958,67,119,7,23
434,3960,67,119,7,23
435,3961,67,119,7,23
436,3962,67,119,7,23
437,3963,67,119,7,23
438,3964,67,119,7,23
439,3968,68,119,7,23
440,3970,68,119,7,23
441,3971,68,119,7,23
442,3974,68,119,7,23
443,3975,68,119,7,23
444,3983,68,119,7,23
445,3989,68,119,7,23
446,3992,68,119,7,23
447,3995,68,119,7,23
448,3997,68,119,7,23
449,4002,68,119,7,23
450,4004,68,119,7,23
451,4006,68,119,7,23
452,4008,68,119,7,23
453,4009,68,119,7,23
454,4011,68,119,7,23
455,4013,68,119,7,23
456,4014,68,119,7,23
457,4015,68,119,7,23
458,4016,68,119,7,23
459,4017,68,119,7,23
460,4019,68,119,7,23
461,4020,68,119,7,23
462,4021,68,119,7,23
463,4024,68,119,7,23
464,4026,68,119,7,23
465,4027,68,119,7,23
466,4031,68,119,7,23
467,4035,68,119,7,23
468,4039,68,119,7,23
469,4045,68,119,7,23
470,4048,68,119,7,23
471,4052,68,119,7,23
472,4059,68,119,7,23
473,4062,68,119,7,23
474,4064,68,119,7,23
475,4068,68,119,7,23
476,4071,68,119,7,23
477,4077,68,119,7,23
478,4085,68,119,7,23
479,4086,68,119,7,23
480,4086,68,119,7,23
481,4087,68,119,7,23
482,4087,68,119,7,23
483,4087,68,119,7,23
484,4091,68,119,7,23
485,4094,69,119,7,23
486,4096,69,119,7,23
487,4098,69,119,7,23
488,4105,70,119,7,23
489,4111,70,119,7,23
490,4115,70,119,7,23
491,4123,70,119,7,23
492,4139,70,119,7,23
493,4143,70,119,7,23
494,4150,70,119,7,23
495,4154,70,119,7,23
496,4156,70,119,7,23
497,4159,70,119,7,23
498,4161,70,119,7,23
499,4162,70,119,7,23
